10.02 798.98 357.72 23.35 3059.03 6.10 8.84
10.22 798.98 357.72 22.36 3059.03 289.82 8.84
10.41 798.79 357.72 21.46 3059.03 308.12 8.52
10.60 798.65 357.72 21.13 2854.15 329.48 8.84
10.78 798.51 357.72 21.42 2854.15 356.93 8.21
10.98 798.36 357.73 22.18 2662.23 372.19 8.21
11.17 798.19 357.73 23.39 2662.23 390.49 7.89
11.36 798.02 357.73 25.04 2480.40 411.85 7.89
11.55 798.02 357.73 26.48 2480.40 427.10 7.57
11.75 798.01 357.73 27.28 2480.40 448.45 7.57
11.95 798.00 357.74 27.37 2307.53 469.81 6.94
12.16 797.66 357.74 27.50 2307.53 494.21 6.63
12.35 796.51 357.75 32.66 2141.87 512.52 6.94
12.54 796.35 357.77 37.78 1988.73 521.67 6.31
12.74 796.11 357.77 43.08 1988.73 530.82 6.31
12.94 795.82 357.79 48.63 1844.88 543.03 6.31
13.14 795.51 357.80 54.43 1706.26 549.13 6.00
13.34 795.16 357.83 60.50 1570.04 552.18 6.00
13.54 795.16 357.86 65.48 1433.73 555.23 5.68
13.75 795.15 357.87 68.72 1295.22 564.38 5.68
13.96 795.13 357.89 70.39 1151.78 570.48 5.68
14.14 794.59 357.91 71.49 1001.09 579.63 5.37
14.33 792.74 357.91 80.51 1001.09 588.79 5.05
14.53 792.51 357.93 88.22 839.94 573.53 5.05
14.72 792.19 357.94 95.16 664.75 570.48 5.05
14.91 791.81 357.95 101.56 470.99 567.43 6.31
15.10 791.60 357.97 104.54 252.81 555.23 11.36
15.31 790.94 357.98 113.23 2.03 561.33 15.46
15.51 790.48 357.98 117.89 2.03 533.87 19.25
15.71 790.25 357.98 119.69 2.03 530.82 22.72
15.90 789.78 357.98 122.21 2.10 530.82 26.51
16.08 789.29 357.98 123.25 2.10 527.77 28.40
16.27 788.80 357.97 126.77 2.16 530.82 31.87
16.46 788.31 357.95 131.65 2.21 512.52 35.03
16.66 787.06 357.95 139.13 2.21 497.27 38.19
16.86 786.75 357.90 145.50 2.22 472.86 41.03
17.06 786.50 357.85 149.94 2.18 454.56 43.87
17.27 786.13 357.78 153.28 2.09 442.35 46.39
17.47 785.70 357.71 155.35 1.96 430.15 48.92
17.66 785.24 357.63 155.17 1.76 414.90 51.13
17.84 784.77 357.63 152.64 1.76 414.90 53.02
18.04 784.29 357.55 147.67 1.50 411.85 54.60
18.22 783.06 357.47 148.32 1.18 414.90 56.18
18.41 782.75 357.38 152.46 0.78 405.74 57.44
18.62 782.51 357.29 154.23 0.30 384.39 58.07
18.83 782.16 357.20 154.46 0.27 375.24 59.33
19.03 781.75 357.10 153.78 0.93 369.14 59.65
19.24 781.31 357.10 152.76 0.93 366.08 60.28
19.43 780.86 357.00 151.25 1.70 359.98 60.59
19.63 780.40 356.71 149.45 3.59 356.93 60.59
19.82 779.93 356.59 147.38 4.73 356.93 60.59
20.00 779.46 356.42 145.15 7.26 353.88 60.59
20.19 779.00 356.39 142.92 8.58 350.83 60.28
20.40 778.53 356.39 140.45 8.58 350.83 60.28
20.59 778.07 356.35 141.53 9.92 350.83 59.96
20.78 777.61 356.30 142.45 11.27 344.73 59.65
20.98 777.16 356.23 142.22 12.62 338.63 59.33
21.17 776.93 356.15 141.86 13.97 335.58 59.02
21.37 776.48 356.05 140.77 15.29 335.58 58.38
21.56 776.03 355.72 139.46 18.13 332.53 58.07
21.76 775.58 355.61 137.92 19.62 329.48 57.75
21.96 775.14 355.56 136.41 21.10 332.53 57.12
22.16 774.69 355.52 134.77 22.51 332.53 56.81
22.35 774.25 355.48 136.69 23.83 332.53 55.86
22.55 773.81 355.43 137.77 25.11 329.48 55.54
22.75 773.37 355.37 137.91 26.31 326.43 54.91
22.96 772.93 355.37 137.67 26.31 323.38 54.60
23.14 772.49 355.28 137.26 27.48 320.32 53.97
23.33 772.05 354.98 136.72 29.88 320.32 53.65
23.52 771.62 354.86 136.24 31.16 320.32 53.02
23.71 771.19 354.70 135.55 33.65 320.32 52.70
23.91 770.76 354.67 134.97 34.47 317.27 52.39
24.11 770.33 354.67 134.37 34.47 320.32 52.07
24.30 769.89 354.62 133.92 34.92 317.27 51.44
24.49 769.47 354.57 133.43 35.18 320.32 51.44
24.68 769.04 354.51 132.94 35.30 320.32 51.13
24.87 768.62 354.43 132.53 35.29 320.32 50.81
25.07 768.19 354.33 132.08 35.22 320.32 50.81
25.26 767.77 354.14 131.64 35.32 323.38 50.49
25.45 767.35 353.96 131.22 35.57 323.38 50.18
25.65 766.93 353.92 130.83 35.55 323.38 50.18
25.85 766.51 353.92 130.47 35.55 323.38 50.18
26.05 766.09 353.88 130.06 35.37 323.38 49.86
26.24 765.88 353.83 129.92 35.08 326.43 49.86
26.42 765.46 353.76 129.55 34.71 326.43 49.86
26.61 765.04 353.67 129.23 34.32 326.43 49.86
26.80 764.62 353.57 128.91 33.91 329.48 50.18
26.99 764.20 353.37 128.58 33.73 332.53 50.18
27.20 763.79 353.17 128.29 34.03 332.53 50.49
27.40 763.37 353.15 128.02 34.23 332.53 50.49
27.60 762.94 353.15 127.88 34.23 335.58 50.49
27.78 762.53 353.11 127.62 34.36 338.63 51.13
27.97 762.12 353.06 127.38 34.30 338.63 51.44
28.16 761.70 353.00 127.22 34.08 341.68 51.44
28.35 761.28 352.91 127.07 33.75 344.73 52.07
28.54 760.92 352.94 126.89 33.19 347.78 52.70
28.73 760.66 352.94 125.97 33.19 350.83 53.02
28.93 760.29 352.85 124.87 31.58 353.88 53.65
29.12 759.89 352.46 123.84 31.57 356.93 54.28
29.33 759.48 352.29 122.82 31.95 359.98 54.91
29.52 759.07 352.11 122.08 32.76 363.03 55.54
29.70 759.06 352.08 121.22 32.95 369.14 56.49
29.89 765.85 352.08 102.06 32.95 375.24 56.81
30.08 771.76 358.02 49.86 23.30 466.76 57.44
30.27 772.85 360.24 8.52 12.12 677.26 58.38
30.45 771.41 360.02 57.58 9.19 750.47 59.96
30.64 771.63 360.58 100.33 26.52 527.77 61.54
30.83 771.00 361.53 136.25 37.61 463.71 62.49
31.02 767.02 399.15 149.89 139.63 387.44 63.43
31.20 763.77 412.06 149.11 219.58 393.54 62.49
31.40 762.93 412.11 143.78 378.37 408.79 62.17
31.60 758.39 407.92 111.35 444.91 417.95 59.65
31.79 755.90 433.20 89.30 639.12 549.13 59.02
31.99 756.15 443.72 48.09 877.35 579.63 57.44
32.18 756.15 429.82 6.54 971.61 713.87 56.18
32.38 755.91 414.37 34.99 1105.19 811.49 54.91
32.57 754.51 419.59 80.14 1220.98 710.81 53.33
32.77 754.60 403.59 125.77 1246.60 600.99 52.07
32.96 758.17 358.42 161.54 1172.27 485.06 51.13
33.15 765.53 333.28 164.48 956.34 375.24 49.86
33.36 755.55 327.95 199.67 657.92 421.00 48.60
33.55 749.37 329.51 268.77 502.59 295.92 51.44
33.75 746.98 331.81 341.73 191.42 283.72 52.07
33.95 744.15 331.74 386.43 34.71 271.51 55.54
34.15 744.29 331.66 397.97 128.78 262.36 59.02
34.36 744.57 331.67 393.97 294.91 250.16 60.59
34.56 744.54 331.92 382.11 459.90 241.01 61.86
34.77 742.28 332.48 363.99 777.15 234.90 62.80
34.96 742.59 332.48 347.18 777.15 222.70 62.80
35.15 743.58 332.80 326.96 1050.38 216.60 62.80
35.35 743.32 333.10 311.61 1261.27 207.45 61.86
35.54 743.03 334.25 295.36 1444.55 201.35 60.28
35.75 742.65 336.95 294.66 1529.25 195.25 59.02
35.95 742.28 337.03 293.31 1608.70 186.09 57.12
36.15 741.90 337.03 288.23 1673.84 179.99 55.86
36.35 741.51 336.27 278.51 1685.08 170.84 54.60
36.54 741.15 334.48 268.87 1606.30 167.79 53.33
36.72 740.80 333.86 256.48 1480.53 161.69 52.07
36.91 740.46 333.86 230.29 1480.53 158.64 50.81
37.10 740.10 333.84 161.93 1416.49 152.54 49.23
37.29 739.75 333.84 114.77 1310.34 143.38 48.92
37.48 739.40 333.85 97.26 1175.54 192.19 47.34
37.68 739.40 333.86 85.38 1018.00 173.89 46.39
37.87 739.39 333.86 87.02 1018.00 179.99 45.13
38.07 739.37 333.86 87.12 1018.00 164.74 44.18
38.26 738.89 333.85 84.99 841.76 164.74 42.92
38.45 737.28 333.85 87.68 841.76 173.89 42.29
38.64 737.21 333.86 88.97 682.96 170.84 41.03
38.83 737.00 333.87 98.94 545.65 167.79 40.40
39.03 736.74 333.87 103.64 422.27 146.43 39.45
39.23 736.44 333.87 104.76 422.27 143.38 38.82
39.42 736.13 333.86 105.34 298.33 149.48 38.19
39.62 735.97 333.84 105.03 174.67 146.43 38.82
39.82 735.97 333.84 103.50 174.67 146.43 40.40
40.02 735.96 333.53 100.84 76.93 158.64 38.82
40.21 735.93 331.16 97.18 12.07 173.89 41.03
40.40 734.05 330.84 97.87 21.71 192.19 42.92
40.60 733.94 331.26 100.57 8.11 189.14 41.66
40.79 733.74 331.32 102.52 1.37 189.14 41.66
40.99 733.49 331.33 103.99 8.82 186.09 41.66
41.19 733.21 331.31 105.25 14.10 189.14 40.08
41.38 732.91 331.36 106.40 18.40 189.14 39.76
41.58 732.77 331.63 106.64 22.33 189.14 38.82
41.77 732.76 332.59 103.98 24.89 195.25 37.87
41.97 732.75 333.11 98.39 28.59 216.60 36.92
42.16 732.72 333.05 90.02 29.63 244.06 35.98
42.37 730.89 333.05 89.53 30.85 283.72 35.35
42.57 730.78 333.18 93.58 31.67 283.72 34.40
42.77 730.58 334.29 96.34 30.86 277.61 33.45
42.96 730.32 334.32 98.50 30.37 280.67 32.82
43.15 730.03 334.17 100.32 30.00 283.72 31.87
43.36 729.72 333.43 102.04 24.57 286.77 31.24
43.56 729.56 333.18 102.97 14.65 289.82 30.61
43.75 729.55 333.18 100.97 14.65 292.87 29.98
43.95 729.54 333.16 96.18 10.20 302.02 29.35
44.16 729.51 333.14 88.70 7.31 326.43 28.40
44.36 727.51 333.08 89.21 5.05 363.03 28.09
44.55 727.39 332.62 94.28 4.14 359.98 27.14
44.74 727.17 329.03 98.06 10.88 353.88 26.83
44.95 726.88 328.53 101.25 20.05 356.93 25.88
45.15 726.56 328.94 104.00 23.59 359.98 25.56
45.36 726.21 330.84 106.66 25.28 359.98 24.93
45.56 726.04 332.13 108.42 20.61 363.03 24.30
45.75 726.03 332.37 107.19 17.10 363.03 23.98
45.94 726.02 332.53 102.94 9.65 369.14 23.35
46.13 725.98 332.54 95.93 9.31 384.39 23.35
46.32 723.77 332.54 97.22 9.31 405.74 22.72
46.52 723.63 332.52 103.15 10.12 402.69 22.72
46.72 723.38 332.27 107.64 13.56 393.54 22.72
46.91 723.06 332.31 111.41 15.10 393.54 22.72
47.10 722.70 332.28 114.70 16.73 393.54 22.72
47.30 722.52 332.32 116.30 18.19 390.49 22.72
47.50 721.94 332.33 120.34 19.62 393.54 23.35
47.69 721.74 332.33 120.90 19.62 384.39 23.35
47.88 721.33 332.34 120.87 20.79 384.39 23.98
48.07 720.92 332.34 118.96 21.35 390.49 24.62
48.27 720.51 332.34 116.21 20.15 393.54 25.25
48.46 720.09 332.34 119.87 20.15 399.64 26.19
48.64 719.67 332.31 122.75 18.19 393.54 26.83
48.83 719.24 332.31 125.21 18.19 393.54 28.09
49.03 718.82 332.28 127.32 15.97 390.49 29.03
49.23 718.39 332.24 129.28 13.96 387.44 30.61
49.42 717.96 332.20 131.06 12.03 384.39 31.87
49.61 717.53 332.15 131.53 10.04 381.34 33.45
49.80 717.10 332.15 130.10 10.04 381.34 34.40
49.99 716.67 332.10 126.50 6.92 381.34 35.98
50.18 716.45 332.06 123.92 3.46 390.49 37.87
50.37 716.03 332.01 123.31 0.04 390.49 40.08
50.57 715.59 331.96 125.38 2.97 393.54 42.29
50.78 714.95 331.90 127.31 5.16 387.44 44.50
50.98 714.51 331.84 128.09 7.01 387.44 46.71
51.18 714.08 331.84 128.78 7.01 387.44 48.92
51.39 713.64 331.78 129.33 8.54 390.49 51.13
51.60 713.20 331.71 129.71 9.94 390.49 54.28
51.79 712.76 331.64 130.06 11.19 387.44 55.23
51.98 712.33 331.57 130.38 12.29 384.39 57.44
52.17 711.89 331.49 130.73 13.19 384.39 59.33
52.36 711.45 331.42 131.03 13.46 384.39 61.22
52.56 711.22 331.42 131.18 13.46 384.39 63.43
52.76 710.78 331.33 131.45 10.77 384.39 65.01
52.97 710.13 331.25 131.74 6.97 381.34 67.22
53.17 709.69 331.16 131.92 2.34 378.29 69.11
53.37 709.24 331.07 132.12 2.22 378.29 71.32
53.56 708.80 330.98 132.30 6.47 378.29 73.22
53.76 708.36 330.88 132.56 9.95 378.29 75.43
53.94 708.14 330.88 132.59 9.95 375.24 76.69
54.13 707.71 330.79 132.70 12.37 372.19 78.90
54.34 707.26 330.50 132.82 15.25 372.19 80.16
54.52 706.81 330.37 133.01 16.32 372.19 82.05
54.73 706.37 330.19 133.17 18.25 372.19 83.63
54.93 705.93 330.16 133.31 19.08 369.14 84.89
55.14 705.50 330.12 133.42 19.86 369.14 86.47
55.34 705.06 330.12 133.47 19.86 369.14 88.05
55.54 704.39 330.06 133.50 20.69 369.14 89.31
55.74 704.18 329.99 133.54 21.70 366.08 90.57
55.94 703.51 329.89 133.48 22.72 366.08 91.84
56.13 703.29 329.78 133.48 23.79 366.08 92.78
56.35 702.63 329.41 133.58 26.21 366.08 94.05
56.54 702.20 329.21 133.50 28.71 366.08 94.68
56.75 701.76 329.21 133.45 28.71 363.03 95.62
56.94 701.33 329.17 133.34 29.82 363.03 96.26
57.14 700.89 329.12 133.26 30.67 363.03 96.89
57.34 700.45 329.06 133.22 31.43 363.03 97.52
57.54 700.01 328.98 133.10 32.13 363.03 97.83
57.75 699.57 328.87 133.09 32.77 359.98 98.15
57.95 699.14 328.48 132.93 34.58 363.03 98.46
58.15 698.70 328.34 132.82 35.56 363.03 98.46
58.35 698.26 328.27 132.72 36.50 363.03 98.78
58.55 697.82 328.23 132.68 37.29 363.03 98.46
58.74 697.39 328.18 132.72 37.94 363.03 98.78
58.93 696.96 328.12 132.63 38.46 359.98 98.46
59.13 696.52 328.03 132.52 38.87 359.98 98.15
59.32 696.09 327.92 132.41 39.23 359.98 98.15
59.52 695.87 327.67 132.39 39.80 363.03 98.15
59.72 695.22 327.37 132.33 41.14 359.98 97.52
59.92 694.78 327.30 132.23 41.76 359.98 96.89
60.11 694.56 327.26 132.20 42.21 363.03 96.26
60.30 694.12 327.21 132.22 42.48 359.98 96.26
60.50 693.69 327.15 132.25 42.57 359.98 95.62
60.69 693.26 327.15 132.18 42.57 359.98 95.31
60.88 692.82 327.06 132.08 42.54 356.93 94.68
61.08 692.38 326.70 132.09 42.55 359.98 94.68
61.28 691.96 326.54 131.92 42.76 359.98 93.73
61.47 691.53 326.34 131.86 43.42 359.98 93.41
61.66 691.09 326.30 131.79 43.80 356.93 92.47
61.84 690.66 326.30 131.67 43.80 359.98 92.15
62.04 690.23 326.25 131.65 44.17 359.98 91.52
62.23 689.80 326.19 131.54 44.43 359.98 90.57
62.43 689.36 326.10 131.51 44.45 359.98 90.57
62.62 688.93 325.99 131.41 44.32 359.98 89.94
62.81 688.50 325.61 131.33 44.34 359.98 89.00
63.00 688.06 325.46 131.26 44.41 363.03 88.68
63.19 687.85 325.39 131.22 44.40 363.03 88.68
63.38 687.42 325.36 131.11 44.49 363.03 88.05
63.57 686.98 325.31 131.07 44.57 363.03 87.42
63.75 686.55 325.25 131.07 44.65 366.08 87.10
63.94 686.12 325.25 131.00 44.65 366.08 86.79
64.14 685.69 325.17 131.00 44.68 363.03 86.16
64.34 685.26 324.83 130.96 44.42 366.08 85.84
64.55 684.82 324.55 131.04 44.33 366.08 85.21
64.73 684.39 324.48 131.03 44.22 366.08 84.89
64.92 683.96 324.45 131.04 44.20 366.08 84.58
65.12 683.52 324.45 131.08 44.20 369.14 84.58
65.32 683.09 324.40 131.01 44.19 369.14 84.26
65.52 682.66 324.34 131.01 44.17 369.14 83.63
65.72 682.22 324.26 131.01 44.09 369.14 83.32
65.90 681.79 324.15 131.04 43.84 369.14 83.32
66.10 681.35 323.78 131.09 43.58 372.19 83.00
66.28 680.91 323.58 131.14 43.35 372.19 83.00
66.47 680.69 323.58 131.25 43.35 372.19 83.00
66.66 680.26 323.54 131.30 43.30 372.19 82.68
66.85 679.83 323.49 131.36 43.28 372.19 82.68
67.06 679.39 323.44 131.38 43.25 375.24 82.68
67.26 678.96 323.36 131.45 43.17 372.19 82.68
67.46 678.52 323.26 131.55 42.91 375.24 82.68
67.66 678.08 323.03 131.61 42.79 372.19 82.68
67.86 677.64 322.75 131.80 42.59 375.24 83.00
68.04 677.20 322.69 131.87 42.45 378.29 83.00
68.23 676.77 322.65 131.92 42.42 375.24 83.32
68.42 676.33 322.60 132.01 42.43 378.29 83.32
68.61 675.89 322.60 132.08 42.43 375.24 83.63
68.80 675.44 322.54 132.22 42.43 378.29 83.63
69.00 675.01 322.46 132.28 42.39 378.29 84.26
69.19 674.57 322.12 132.36 42.12 378.29 84.26
69.39 674.13 321.98 132.43 42.07 378.29 84.58
69.59 673.69 321.78 132.45 41.97 378.29 84.89
69.80 673.25 321.74 132.48 42.00 381.34 85.21
69.98 672.81 321.74 132.54 42.00 381.34 85.53
70.17 672.37 321.69 132.63 42.03 381.34 86.16
70.38 671.93 321.63 132.73 42.11 381.34 86.47
70.56 671.49 321.55 132.84 42.12 384.39 86.79
70.76 671.05 321.45 132.89 41.94 384.39 87.10
70.96 670.62 321.06 132.92 41.96 384.39 87.42
71.16 670.18 320.85 132.91 41.98 381.34 88.05
71.35 669.73 320.85 132.95 41.98 381.34 88.37
71.54 669.28 320.81 133.08 42.07 384.39 88.68
71.74 668.84 320.77 133.18 42.16 384.39 89.00
71.95 668.40 320.71 133.29 42.26 387.44 89.31
72.15 667.95 320.62 133.39 42.33 387.44 89.94
72.34 667.51 320.52 133.47 42.22 384.39 90.26
72.55 667.07 320.28 133.50 42.25 387.44 90.57
72.75 666.62 319.99 133.61 42.36 384.39 90.89
72.94 666.18 319.92 133.67 42.38 387.44 91.21
73.14 665.74 319.88 133.80 42.49 387.44 91.21
73.34 665.29 319.83 133.89 42.60 387.44 91.52
73.55 664.85 319.77 133.96 42.73 387.44 91.84
73.74 664.40 319.68 134.05 42.83 387.44 92.47
73.94 663.96 319.57 134.18 42.76 387.44 92.47
74.15 663.51 319.33 134.24 42.84 387.44 92.78
74.35 663.07 319.02 134.32 43.04 387.44 93.10
74.56 662.62 318.96 134.42 43.06 387.44 93.41
74.76 662.18 318.92 134.46 43.20 387.44 93.41
74.95 661.73 318.87 134.58 43.32 387.44 93.73
75.16 661.28 318.80 134.55 43.48 387.44 94.05
75.36 660.83 318.72 134.60 43.55 387.44 94.05
75.56 660.38 318.72 134.76 43.55 387.44 94.05
75.76 659.95 318.36 134.76 43.57 387.44 94.68
75.96 659.50 318.05 134.81 43.78 387.44 94.68
76.16 659.05 317.99 134.95 43.83 387.44 94.68
76.34 658.61 317.95 134.95 43.97 387.44 94.99
76.54 658.16 317.90 135.04 44.10 390.49 94.99
76.74 657.72 317.83 135.06 44.27 390.49 94.99
76.93 657.27 317.83 135.04 44.27 390.49 94.68
77.12 656.82 317.74 135.09 44.38 390.49 95.31
77.31 656.37 317.63 135.12 44.31 387.44 94.99
77.50 655.92 317.21 135.17 44.51 387.44 94.99
77.69 655.70 317.00 135.18 44.64 387.44 95.31
77.88 655.25 317.00 135.23 44.64 390.49 94.99
78.08 654.80 316.96 135.27 44.78 390.49 95.31
78.27 654.35 316.90 135.39 44.92 387.44 94.99
78.46 653.91 316.84 135.34 45.06 387.44 94.99
78.65 653.46 316.75 135.42 45.16 390.49 94.99
78.84 653.01 316.64 135.45 45.07 387.44 94.99
79.03 652.56 316.38 135.51 45.15 387.44 94.99
79.22 652.11 316.08 135.58 45.34 387.44 94.68
79.41 651.66 316.01 135.58 45.36 387.44 94.68
79.60 651.21 315.96 135.67 45.47 387.44 94.99
79.79 650.77 315.91 135.70 45.58 387.44 94.68
79.97 650.54 315.91 135.66 45.58 384.39 94.36
80.16 650.09 315.85 135.76 45.69 387.44 94.05
80.35 649.64 315.76 135.73 45.76 387.44 94.36
80.55 649.19 315.64 135.81 45.65 384.39 94.05
80.74 648.74 315.23 135.84 45.75 387.44 93.73
80.95 648.29 315.01 135.87 45.83 384.39 93.73
81.14 647.84 315.01 135.95 45.83 384.39 93.41
81.33 647.39 314.97 135.96 45.91 384.39 93.41
81.52 646.94 314.92 136.05 45.99 384.39 93.10
81.73 646.50 314.85 136.00 46.11 384.39 93.10
81.93 646.05 314.77 136.06 46.14 384.39 92.78
82.13 645.60 314.65 136.07 46.00 384.39 92.78
82.32 645.15 314.25 136.08 46.03 384.39 92.78
82.53 644.71 314.10 136.07 46.04 381.34 92.15
82.73 644.25 314.03 136.05 45.99 381.34 92.15
82.94 643.80 313.99 136.13 46.06 381.34 92.15
83.14 643.35 313.94 136.12 46.11 378.29 91.84
83.33 642.91 313.87 136.07 46.19 381.34 91.52
83.52 642.46 313.79 136.13 46.19 381.34 91.52
83.71 642.01 313.68 136.06 45.99 381.34 91.52
83.91 641.57 313.43 135.97 45.94 378.29 91.21
84.10 641.12 313.12 135.95 45.93 381.34 91.21
84.30 640.67 313.05 135.88 45.87 378.29 90.89
84.49 640.23 313.01 135.73 45.91 378.29 90.89
84.69 639.78 312.96 135.68 45.95 378.29 90.89
84.89 639.34 312.90 135.62 45.99 378.29 90.57
85.09 638.88 312.90 135.59 45.99 378.29 90.57
85.29 638.44 312.81 135.51 45.97 378.29 90.57
85.48 637.99 312.45 135.54 45.74 375.24 90.26
85.66 637.54 312.30 135.49 45.69 378.29 90.26
85.87 637.10 312.09 135.47 45.56 378.29 90.26
86.07 636.65 312.05 135.43 45.57 375.24 89.94
86.25 636.21 311.99 135.39 45.61 375.24 89.94
86.45 635.76 311.99 135.28 45.61 378.29 89.94
86.65 635.32 311.93 135.23 45.66 375.24 89.63
86.85 634.87 311.85 135.23 45.63 375.24 89.63
87.05 634.43 311.74 135.22 45.40 375.24 89.63
87.25 633.98 311.33 135.17 45.31 378.29 89.31
87.44 633.53 311.12 135.17 45.20 378.29 89.63
87.63 633.31 311.12 135.17 45.20 375.24 89.31
87.81 632.87 311.08 135.16 45.24 375.24 89.31
