10.01 944.29 375.44 3.41 163.31 3.05 7.26
10.21 944.19 375.45 4.92 129.64 161.69 7.26
10.39 944.11 375.45 6.34 129.64 164.74 7.89
10.59 944.04 375.47 7.57 98.68 176.94 7.89
10.79 943.94 375.49 8.80 71.92 186.09 8.21
10.97 943.89 375.51 9.45 47.51 198.30 8.52
11.16 943.77 375.52 10.87 27.22 207.45 9.15
11.35 943.70 375.52 12.37 27.22 216.60 10.10
11.53 943.70 375.52 13.52 27.22 225.75 10.41
11.73 943.69 375.53 14.29 11.00 234.90 10.41
11.90 943.68 375.53 14.73 11.00 244.06 11.36
12.10 943.23 375.52 16.30 0.72 253.21 11.36
12.29 942.87 375.52 19.17 0.72 256.26 11.99
12.48 942.56 375.52 22.94 0.72 259.31 12.31
12.68 942.27 375.50 27.33 4.08 259.31 12.62
12.86 942.00 375.49 32.16 7.09 253.21 12.62
13.05 941.72 375.49 37.31 7.73 247.11 12.94
13.25 941.59 375.48 39.94 6.25 237.96 12.94
13.44 941.30 375.48 45.35 6.25 241.01 12.94
13.63 941.30 375.48 49.67 4.16 225.75 13.25
13.81 941.29 375.48 52.68 4.16 219.65 12.94
14.00 941.28 375.49 54.41 2.23 213.55 12.94
14.20 940.87 375.49 56.14 2.23 213.55 13.25
14.38 939.96 375.49 62.48 2.23 204.40 13.25
14.57 940.33 375.48 62.11 0.89 176.94 13.25
14.75 937.55 375.48 72.51 0.89 179.99 13.25
14.95 937.20 375.46 85.76 0.04 97.62 13.57
15.13 937.22 375.19 91.07 0.23 91.52 13.57
15.32 936.83 374.00 101.00 1.72 79.32 13.57
15.51 936.59 373.66 109.03 3.16 73.22 13.57
15.71 936.52 373.65 114.35 4.62 67.12 13.89
15.89 936.32 373.65 117.16 6.13 61.01 13.89
16.08 936.12 373.67 119.34 7.62 54.91 13.89
16.27 936.09 373.69 120.33 9.00 48.81 13.89
16.45 935.66 373.69 121.07 9.00 42.71 13.89
16.64 934.95 373.69 123.73 10.24 39.66 14.20
16.83 934.93 373.69 124.42 10.24 33.56 14.20
17.02 934.97 373.69 124.01 11.35 30.51 13.89
17.20 934.97 373.69 121.61 11.35 24.41 14.20
17.39 934.50 373.72 119.17 12.27 21.35 14.52
17.58 933.49 373.72 118.78 12.27 18.30 14.20
17.78 933.20 373.75 115.92 13.04 18.30 14.52
17.95 933.53 373.81 108.70 13.63 12.20 14.52
18.15 933.77 374.34 97.62 13.66 12.20 14.52
18.33 933.81 374.31 89.19 13.64 9.15 14.52
18.52 933.76 374.18 72.52 13.90 6.10 14.52
18.70 933.71 373.83 67.89 14.94 9.15 14.83
18.90 933.62 373.81 65.04 15.51 6.10 14.83
19.08 933.62 373.81 60.74 15.95 3.05 14.83
19.27 933.61 373.84 56.09 16.30 6.10 15.15
19.45 933.56 373.84 51.57 16.30 15.25 15.15
19.65 933.49 373.87 46.56 16.58 24.41 15.15
19.83 933.54 373.87 40.69 16.80 36.61 15.15
20.03 933.48 373.85 34.71 16.96 57.96 15.15
20.24 933.36 373.83 28.32 16.97 76.27 15.46
20.43 933.26 373.81 22.65 16.90 103.72 15.46
20.63 933.12 373.81 20.42 16.90 125.08 15.46
20.81 933.03 373.75 17.97 16.76 131.18 15.46
21.02 933.03 373.69 14.37 16.56 152.54 15.78
21.21 933.03 373.67 10.51 16.24 173.89 16.10
21.41 933.01 373.65 9.90 15.72 195.25 16.10
21.60 932.59 373.64 13.25 15.02 201.35 16.41
21.80 932.41 373.64 15.87 15.02 201.35 16.41
21.99 932.11 373.63 20.74 14.16 210.50 16.73
22.17 931.84 373.61 24.82 13.18 207.45 16.73
22.36 931.59 373.61 28.78 13.18 207.45 16.73
22.56 931.34 373.59 32.98 12.00 210.50 17.04
22.73 931.08 373.57 37.64 10.71 207.45 17.36
22.93 930.96 373.57 42.25 10.71 201.35 17.67
23.11 930.96 373.59 45.64 9.23 195.25 17.99
23.30 930.95 373.65 47.96 7.52 195.25 18.30
23.48 930.94 373.66 48.77 5.75 192.19 18.62
23.68 930.57 373.64 50.68 4.01 192.19 18.94
23.87 929.36 373.64 57.04 4.01 192.19 19.25
24.04 929.18 373.64 62.31 2.54 164.74 19.57
24.24 929.09 380.16 66.69 6.85 158.64 20.20
24.43 928.92 381.27 70.31 15.44 143.38 20.51
24.62 928.65 382.24 73.67 33.06 128.13 20.51
24.80 928.37 383.96 76.73 43.45 122.03 20.51
24.99 928.37 388.17 77.97 70.68 109.83 20.51
25.20 928.36 389.87 77.16 99.27 103.72 20.20
25.37 928.36 390.27 76.01 112.86 97.62 19.88
25.56 928.33 390.04 72.77 137.81 94.57 19.57
25.76 926.63 390.06 74.07 150.11 94.57 18.94
25.94 926.56 390.06 77.38 150.11 85.42 18.30
26.13 926.58 382.82 79.48 163.57 79.32 17.67
26.31 926.34 375.26 81.16 155.02 73.22 17.04
26.51 926.12 373.95 82.62 147.39 70.17 16.73
26.68 925.91 373.16 83.81 129.36 67.12 16.10
26.88 925.80 373.07 84.26 119.42 64.06 15.78
27.07 925.80 373.04 82.31 108.08 54.91 15.15
27.27 925.79 373.02 78.12 95.24 51.86 15.15
27.45 925.78 373.02 75.18 95.24 45.76 14.83
27.65 925.51 373.01 69.11 80.98 42.71 14.20
27.83 924.63 373.00 71.57 65.31 51.86 13.89
28.02 924.54 372.98 72.91 48.15 36.61 13.57
28.20 924.41 372.96 73.22 29.67 33.56 13.25
28.40 924.26 372.96 72.77 29.67 30.51 12.94
28.60 924.10 372.96 72.07 29.67 30.51 12.62
28.78 923.95 372.95 71.21 9.30 27.46 12.31
28.97 923.95 372.95 68.84 11.46 27.46 12.31
29.16 923.94 373.12 64.48 31.98 27.46 11.99
29.34 923.94 374.73 61.60 67.05 30.51 11.36
29.54 923.93 374.80 54.48 82.61 33.56 11.05
29.72 923.56 374.60 51.62 97.81 51.86 11.05
29.91 923.30 374.01 51.72 113.49 51.86 10.73
30.10 923.09 373.69 51.31 143.50 51.86 10.41
30.28 922.90 373.70 50.97 157.46 51.86 10.10
30.47 922.74 373.70 50.90 170.17 51.86 10.10
30.66 922.58 373.70 51.00 180.40 51.86 9.78
30.84 922.51 373.70 50.83 181.60 54.91 9.78
31.03 922.51 373.70 50.13 181.60 54.91 9.78
31.22 922.51 373.70 47.69 180.55 61.01 9.15
31.42 922.50 373.70 43.85 180.55 70.17 9.15
31.61 922.29 373.70 39.66 176.52 82.37 8.84
31.81 921.99 373.70 40.20 176.52 97.62 8.52
32.00 921.76 373.70 40.98 176.52 97.62 8.52
32.20 921.56 373.69 42.01 170.35 97.62 8.21
32.38 921.38 373.69 43.26 170.35 100.67 8.21
32.57 921.21 373.69 44.69 160.40 103.72 8.21
32.76 921.03 373.69 46.26 160.40 103.72 7.89
32.95 921.03 373.68 46.88 146.23 106.77 7.89
33.15 921.03 373.68 46.17 146.23 106.77 7.57
33.33 921.02 373.68 44.25 146.23 109.83 7.57
33.53 920.77 373.68 42.13 129.36 118.98 7.26
33.72 920.39 373.68 42.06 129.36 125.08 7.26
33.93 920.10 373.68 43.11 111.18 128.13 7.26
34.12 919.84 373.68 44.91 111.18 134.23 6.63
34.29 919.72 373.68 46.00 111.18 131.18 6.63
34.49 919.51 373.68 48.38 92.64 134.23 6.31
34.68 919.29 373.68 50.98 92.64 131.18 6.31
34.87 919.08 373.69 53.55 74.21 128.13 6.31
35.05 919.08 373.69 54.77 74.21 128.13 6.00
35.24 919.07 373.69 54.48 74.21 128.13 6.00
35.43 919.06 373.70 52.69 56.63 131.18 6.00
35.62 918.76 373.70 51.45 56.63 131.18 5.68
35.82 917.77 373.71 54.83 39.87 137.28 6.00
36.00 917.66 373.73 57.83 24.32 128.13 5.68
36.20 917.58 373.75 59.25 10.27 128.13 5.68
36.38 917.41 373.75 61.92 10.27 125.08 5.68
36.56 917.21 373.77 64.42 2.33 122.03 5.68
36.76 917.00 373.78 66.84 2.10 115.93 5.68
36.95 916.89 373.80 68.28 3.54 106.77 5.68
37.12 916.89 373.80 67.80 3.54 106.77 5.37
37.32 916.88 373.80 65.58 3.54 106.77 5.37
37.51 916.86 373.81 62.17 3.88 106.77 5.37
37.70 915.59 373.83 62.36 3.75 115.93 5.37
37.87 915.56 373.84 63.39 3.45 112.88 5.37
38.06 915.46 373.86 65.14 3.08 106.77 5.37
38.25 915.30 373.86 66.73 3.08 103.72 5.05
38.44 915.12 373.88 68.05 2.69 100.67 5.37
38.63 914.92 373.88 69.30 2.69 97.62 5.37
38.81 914.73 373.90 70.38 2.27 91.52 5.37
39.01 914.73 373.92 69.91 1.85 88.47 5.68
39.19 914.72 373.93 67.57 1.39 85.42 5.68
39.38 914.72 373.93 65.67 1.39 88.47 6.00
39.57 914.70 373.95 60.51 0.91 88.47 6.00
39.75 913.52 373.97 60.25 0.40 100.67 6.31
39.94 913.44 373.97 62.78 0.40 94.57 6.63
40.12 913.30 373.99 64.48 0.10 91.52 7.26
40.32 913.15 373.99 65.69 0.10 85.42 7.57
40.51 912.97 374.01 66.68 0.62 85.42 8.21
40.71 912.79 374.02 67.48 1.03 82.37 8.52
40.90 912.69 374.04 67.76 0.51 79.32 9.15
41.07 912.69 374.06 66.07 0.32 79.32 10.10
41.28 912.68 374.06 62.58 0.32 79.32 10.73
41.47 912.66 374.08 57.34 1.26 82.37 11.05
41.66 912.41 374.08 55.21 1.26 94.57 11.99
41.85 911.52 374.09 58.20 2.09 94.57 12.62
42.03 911.43 374.09 60.04 2.46 85.42 13.57
42.23 911.29 374.11 61.36 2.72 85.42 14.20
42.43 911.14 374.11 62.23 2.84 82.37 15.15
42.61 910.96 374.11 63.07 2.84 82.37 15.78
42.81 910.78 374.11 63.76 2.98 82.37 16.73
42.99 910.78 374.11 63.06 2.98 79.32 17.67
43.17 910.78 374.11 60.62 3.10 79.32 17.99
43.37 910.77 374.11 56.45 3.10 82.37 18.94
43.56 910.52 374.11 51.79 3.10 91.52 19.88
43.76 910.13 374.10 52.22 3.20 100.67 20.83
43.94 909.98 374.10 52.57 3.20 97.62 21.78
44.13 909.71 374.09 53.43 3.28 97.62 22.41
44.33 909.47 374.06 54.41 3.32 100.67 23.67
44.51 909.25 374.06 55.57 3.32 97.62 24.30
44.70 909.07 374.03 56.70 3.32 97.62 25.25
44.90 908.85 374.02 57.78 3.27 94.57 25.88
45.09 908.85 373.98 57.31 3.17 94.57 26.83
45.28 908.84 373.95 55.20 3.00 94.57 27.77
45.47 908.83 373.92 51.47 2.78 100.67 28.40
45.66 908.56 373.92 49.88 2.78 109.83 29.03
45.85 907.67 373.89 53.43 2.51 115.93 29.98
46.03 907.63 373.86 54.87 2.19 106.77 30.93
46.22 907.50 373.82 57.35 1.84 106.77 31.56
46.41 907.34 373.79 59.44 1.45 103.72 32.51
46.59 907.17 373.79 61.38 1.45 100.67 33.14
46.78 906.98 373.75 63.24 1.04 97.62 34.08
46.97 906.88 373.71 64.22 0.60 94.57 34.40
47.16 906.88 373.67 63.41 0.14 94.57 35.03
47.34 906.87 373.62 60.85 0.34 94.57 35.98
47.53 906.85 373.57 57.26 0.86 97.62 36.61
47.72 906.59 373.57 56.15 0.86 103.72 37.24
47.91 905.67 373.53 57.88 1.40 106.77 38.19
48.11 905.56 373.48 59.39 1.95 100.67 38.50
48.31 905.42 373.42 60.65 2.54 100.67 39.45
48.49 905.25 373.37 61.91 3.16 97.62 40.08
48.68 905.08 373.37 62.92 3.16 97.62 40.71
48.86 904.89 373.31 63.99 3.81 94.57 41.03
49.05 904.88 373.26 63.71 4.47 91.52 41.66
49.25 904.88 373.20 61.61 5.14 91.52 42.29
49.44 904.87 373.14 57.84 5.82 94.57 42.60
49.63 904.59 373.08 53.63 6.53 103.72 43.24
49.82 903.67 373.08 56.92 6.53 112.88 43.87
50.00 903.62 373.01 58.15 7.28 100.67 44.18
50.19 903.49 372.95 60.14 8.04 100.67 44.81
50.38 903.33 372.88 61.66 8.78 97.62 45.13
50.57 903.15 372.81 62.95 9.52 97.62 45.45
50.75 902.96 372.81 64.10 9.52 94.57 45.76
50.94 902.86 372.74 64.75 10.30 91.52 46.39
51.14 902.85 372.66 63.57 11.09 91.52 46.71
51.33 902.85 372.58 60.59 11.90 91.52 47.02
51.52 902.83 372.50 55.96 12.73 97.62 47.34
51.71 901.61 372.42 56.22 13.51 103.72 47.65
51.92 901.54 372.42 59.21 13.51 103.72 47.97
52.09 901.47 372.34 60.41 14.30 94.57 47.97
52.29 901.32 372.25 62.35 15.10 97.62 48.60
52.47 901.14 372.17 64.02 15.92 94.57 48.60
52.67 900.95 372.08 65.40 16.77 91.52 48.60
52.86 900.74 371.99 66.69 17.54 88.47 48.92
53.05 900.74 371.99 66.56 17.54 82.37 49.23
53.25 900.74 371.90 64.53 18.22 82.37 48.92
53.45 900.73 371.81 60.70 18.82 85.42 49.23
53.66 900.44 371.72 56.42 19.42 91.52 49.23
53.85 899.47 371.62 59.98 20.03 97.62 49.23
54.05 899.37 371.53 62.43 20.61 88.47 49.23
54.25 899.23 371.44 64.17 21.21 85.42 49.23
54.44 899.05 371.44 65.54 21.21 85.42 49.23
54.63 898.87 371.35 66.70 21.79 82.37 49.23
54.84 898.67 371.25 67.66 22.36 79.32 48.92
55.03 898.67 371.16 67.20 22.92 76.27 48.60
55.22 898.66 371.07 64.80 23.45 76.27 48.60
55.41 898.65 371.07 60.67 23.45 76.27 48.29
55.60 898.37 370.98 56.01 23.97 85.42 47.97
55.80 897.46 370.88 59.15 24.49 94.57 47.65
55.99 897.35 370.79 61.19 24.98 82.37 47.34
56.18 897.20 370.71 62.71 25.43 82.37 47.02
56.39 897.02 370.61 63.93 25.86 79.32 46.71
56.58 896.85 370.61 64.92 25.86 76.27 46.39
56.78 896.66 370.53 65.82 26.27 76.27 46.08
56.97 896.66 370.44 65.27 26.66 73.22 45.76
57.17 896.66 370.35 64.29 27.01 73.22 45.13
57.36 896.65 370.26 61.04 27.34 73.22 44.81
57.55 896.63 370.18 56.06 27.64 79.32 44.18
57.74 895.48 370.10 55.94 27.90 88.47 43.87
57.93 895.42 370.10 58.55 27.90 88.47 43.24
58.13 895.30 370.01 60.32 28.15 79.32 42.60
58.33 895.15 369.92 61.64 28.36 79.32 42.29
58.53 894.98 369.85 62.66 28.53 79.32 41.66
58.72 894.81 369.81 63.58 28.62 76.27 41.03
58.91 894.71 369.80 63.95 28.58 76.27 40.71
59.10 894.71 369.80 62.49 28.58 73.22 40.08
59.29 894.70 369.86 59.35 28.37 76.27 39.76
59.48 894.69 369.97 54.51 27.90 82.37 39.45
59.68 893.56 370.19 54.35 26.36 91.52 38.50
59.87 893.49 370.17 56.83 25.52 88.47 38.19
60.06 893.37 370.01 58.59 24.81 82.37 37.87
60.25 893.21 369.65 59.93 24.49 82.37 37.24
60.44 893.13 369.30 60.56 24.29 82.37 36.92
60.63 892.95 369.27 61.66 24.24 82.37 36.61
60.82 892.76 369.25 62.65 24.13 79.32 35.98
61.01 892.76 369.24 62.33 23.93 76.27 35.66
61.19 892.76 369.24 60.18 23.93 76.27 35.66
61.38 892.75 369.24 56.40 23.65 79.32 35.35
61.58 892.47 369.26 52.16 23.27 88.47 35.03
61.77 891.55 369.26 55.59 23.27 97.62 34.71
61.96 891.45 369.46 57.99 22.45 85.42 34.40
62.16 891.30 369.37 59.77 20.60 85.42 34.08
62.35 891.13 368.92 61.26 20.46 85.42 33.77
62.55 890.95 368.22 62.57 21.53 82.37 33.45
62.74 890.75 368.13 63.78 22.23 79.32 33.14
62.92 890.75 368.12 63.93 22.88 79.32 33.14
63.12 890.75 368.11 62.82 23.47 79.32 33.14
63.32 890.74 368.10 59.98 24.00 76.27 32.82
63.51 890.73 368.10 55.41 24.00 82.37 32.51
63.72 889.55 368.08 55.60 24.47 91.52 32.51
63.92 889.43 368.05 59.49 24.92 91.52 32.19
64.13 889.29 368.01 61.21 25.33 82.37 31.87
64.33 889.12 367.95 62.61 25.73 82.37 31.87
64.52 888.92 367.89 63.84 26.14 79.32 31.87
64.71 888.83 367.82 64.38 26.54 76.27 31.56
64.92 888.74 367.82 64.96 26.54 76.27 31.56
65.12 888.73 367.76 62.42 26.94 73.22 31.56
65.33 888.72 367.69 58.55 27.34 76.27 31.56
65.53 888.45 367.62 54.19 27.75 85.42 31.24
65.73 887.54 367.55 57.39 28.15 91.52 31.24
65.93 887.44 367.49 59.54 28.52 82.37 31.24
66.14 887.29 367.41 61.13 28.92 82.37 30.93
66.33 887.12 367.34 62.40 29.30 82.37 30.93
66.52 886.94 367.34 63.46 29.30 76.27 30.93
66.71 886.75 367.27 64.48 29.65 79.32 30.61
66.91 886.74 367.21 64.11 29.91 73.22 30.61
67.10 886.74 367.13 61.95 30.07 76.27 30.61
67.29 886.73 367.06 60.19 30.01 76.27 30.30
67.50 886.45 366.99 53.64 29.71 76.27 30.30
67.69 885.56 366.99 55.49 29.71 94.57 30.30
67.88 885.50 366.91 58.16 29.05 85.42 29.98
68.07 885.37 366.84 60.02 28.32 82.37 29.98
68.25 885.22 366.76 61.46 27.51 82.37 29.67
68.45 885.04 366.70 62.61 26.77 79.32 29.67
68.65 884.86 366.62 63.69 26.42 76.27 29.35
68.86 884.76 366.62 64.22 26.42 73.22 29.35
69.06 884.76 366.55 62.94 26.21 73.22 29.35
69.26 884.75 366.48 59.91 26.18 73.22 29.03
69.47 884.74 366.42 55.23 26.12 79.32 29.03
69.67 883.56 366.35 55.26 25.98 88.47 28.72
69.87 883.50 366.28 57.95 25.75 88.47 28.72
70.06 883.40 366.22 59.82 25.40 82.37 28.72
70.25 883.23 366.22 61.23 25.40 82.37 28.40
70.44 883.07 366.14 62.42 24.95 79.32 28.09
70.64 882.88 366.08 63.39 24.09 76.27 28.09
70.84 882.78 366.00 63.92 22.86 76.27 28.09
71.04 882.78 365.93 62.66 21.94 73.22 28.09
71.24 882.77 365.86 59.66 21.47 76.27 27.77
71.44 882.75 365.78 54.99 21.50 79.32 27.77
71.64 881.61 365.78 55.01 21.50 88.47 27.77
71.84 881.55 365.72 57.64 21.76 91.52 27.14
72.04 881.42 365.64 59.49 22.10 82.37 27.14
72.24 881.26 365.58 60.94 22.39 82.37 27.14
72.43 881.08 365.51 62.15 22.62 79.32 26.83
72.62 880.89 365.44 63.27 22.79 79.32 26.83
72.82 880.80 365.44 63.80 22.79 76.27 26.83
73.01 880.80 365.37 62.54 22.89 76.27 26.51
73.20 880.79 365.31 59.51 22.95 76.27 26.51
73.39 880.77 365.24 54.85 22.96 79.32 26.51
73.59 879.62 365.18 54.93 22.97 91.52 26.19
73.79 879.55 365.11 57.72 22.95 91.52 26.19
74.00 879.43 365.04 59.67 22.93 82.37 25.88
74.20 879.27 365.04 61.17 22.93 82.37 25.88
74.39 879.09 364.97 62.43 22.91 79.32 25.88
74.58 878.91 364.90 63.48 22.89 79.32 25.56
74.77 878.81 364.84 64.08 22.86 76.27 25.56
74.96 878.81 364.76 62.84 22.83 76.27 25.56
75.16 878.80 364.69 59.87 22.79 76.27 25.56
75.36 878.79 364.69 55.23 22.79 79.32 25.25
75.56 877.63 364.63 55.25 22.76 91.52 25.25
75.76 877.57 364.56 57.90 22.73 88.47 24.93
75.97 877.44 364.50 59.76 22.69 82.37 24.93
76.17 877.29 364.43 61.19 22.63 82.37 24.93
76.36 877.11 364.37 62.39 22.58 79.32 24.62
76.55 876.92 364.31 63.54 22.51 76.27 24.62
76.75 876.83 364.31 64.05 22.51 76.27 24.62
76.95 876.82 364.24 62.79 22.46 76.27 24.30
77.16 876.82 364.18 59.77 22.40 76.27 24.30
77.36 876.80 364.12 55.08 22.34 79.32 24.30
77.55 875.67 364.05 55.05 22.29 88.47 23.98
77.74 875.59 363.99 57.67 22.22 88.47 23.98
77.92 875.53 363.92 58.72 22.18 82.37 23.98
78.11 875.38 363.92 60.37 22.18 82.37 23.98
78.30 875.22 363.86 61.68 22.13 79.32 23.98
78.48 875.03 363.80 62.86 22.06 79.32 23.98
78.68 874.84 363.73 63.88 22.00 76.27 23.98
78.89 874.84 363.67 63.53 21.93 73.22 23.67
79.08 874.83 363.61 61.43 21.86 73.22 23.67
79.27 874.82 363.61 57.61 21.86 76.27 23.67
79.46 874.55 363.55 53.34 21.76 85.42 23.35
79.67 873.61 363.49 56.78 21.69 94.57 23.35
79.87 873.53 363.42 59.05 21.60 82.37 23.35
80.07 873.39 363.37 60.69 21.52 82.37 23.35
80.28 873.22 363.30 62.01 21.44 79.32 23.35
80.47 873.05 363.24 63.14 21.36 79.32 23.04
80.66 872.86 363.24 64.20 21.36 76.27 23.35
80.85 872.86 363.18 63.81 21.29 76.27 23.04
81.05 872.85 363.12 61.66 21.22 73.22 23.04
81.25 872.84 363.06 57.80 21.14 76.27 23.04
81.45 872.57 362.99 53.44 21.08 82.37 22.72
81.65 871.66 362.94 56.59 21.00 91.52 23.04
81.86 871.56 362.87 58.78 20.95 82.37 22.72
82.06 871.42 362.87 60.37 20.95 82.37 22.41
82.26 871.25 362.81 61.65 20.88 82.37 22.72
82.47 871.06 362.75 62.76 20.81 79.32 22.72
82.66 870.87 362.69 63.78 20.75 79.32 22.41
82.85 870.87 362.63 63.42 20.67 76.27 22.72
83.04 870.87 362.57 61.25 20.60 76.27 22.41
83.24 870.86 362.51 57.43 20.53 76.27 22.41
83.43 870.59 362.51 53.09 20.53 85.42 22.41
83.63 869.67 362.45 56.52 20.47 94.57 22.41
83.83 869.57 362.39 58.81 20.41 85.42 22.41
84.03 869.43 362.33 60.43 20.35 82.37 22.41
84.23 869.27 362.28 61.78 20.29 79.32 22.41
84.42 869.09 362.22 62.89 20.24 79.32 22.41
84.61 868.89 362.22 63.95 20.24 76.27 22.41
84.81 868.89 362.16 63.60 20.19 73.22 22.41
85.01 868.89 362.10 61.44 20.14 76.27 22.72
85.21 868.88 362.04 57.60 20.09 76.27 22.41
85.40 868.60 361.98 53.26 20.04 85.42 22.41
85.61 867.68 361.92 56.58 20.00 91.52 22.41
85.81 867.58 361.86 58.84 19.95 85.42 22.41
86.00 867.45 361.86 60.44 19.95 85.42 22.72
86.19 867.28 361.80 61.80 19.91 82.37 22.72
86.39 867.10 361.74 62.89 19.87 79.32 22.72
86.58 866.90 361.68 63.98 19.83 76.27 22.72
86.77 866.90 361.62 63.70 19.79 73.22 22.72
86.96 866.90 361.56 62.83 19.76 76.27 22.72
87.17 866.89 361.56 59.87 19.76 76.27 22.72
87.37 866.62 361.50 53.40 19.73 79.32 22.72
87.58 865.72 361.44 56.63 19.71 97.62 22.41
87.78 865.61 361.38 58.86 19.68 82.37 22.72
87.98 865.47 361.32 60.45 19.67 82.37 22.72
88.19 865.30 361.26 61.77 19.65 82.37 22.72
88.38 865.12 361.21 62.84 19.63 79.32 23.04
88.57 864.92 361.21 63.86 19.63 76.27 23.04
88.76 864.92 361.14 63.93 19.60 73.22 23.35
88.94 864.92 361.08 62.68 19.59 73.22 23.35
89.14 864.91 361.02 59.70 19.58 73.22 23.35
89.34 864.89 360.96 55.02 19.57 82.37 23.35
89.55 863.75 360.90 55.07 19.56 88.47 23.35
89.74 863.68 360.84 57.74 19.56 88.47 23.35
89.94 863.56 360.84 59.66 19.56 82.37 23.35
90.13 863.40 360.78 61.07 19.55 79.32 23.35
90.32 863.22 360.72 62.28 19.54 79.32 23.35
90.53 863.04 360.66 63.36 19.53 76.27 23.67
90.74 862.94 360.60 63.94 19.53 76.27 23.67
90.94 862.94 360.54 62.71 19.53 76.27 23.67
91.14 862.93 360.48 59.79 19.54 73.22 23.67
91.34 862.65 360.48 53.38 19.54 79.32 23.67
91.54 861.74 360.42 56.61 19.54 94.57 23.67
91.74 861.64 360.36 58.85 19.55 82.37 23.67
91.93 861.57 360.29 59.70 19.57 82.37 23.67
92.11 861.41 360.23 61.21 19.59 82.37 23.67
92.30 861.23 360.17 62.40 19.61 79.32 23.67
92.49 861.05 360.17 63.48 19.61 76.27 23.67
92.68 860.96 360.11 64.02 19.64 76.27 23.67
92.88 860.95 360.05 62.76 19.66 76.27 23.67
93.07 860.95 359.99 59.78 19.68 73.22 23.67
93.26 860.93 359.93 55.15 19.70 76.27 23.67
93.47 859.78 359.86 55.20 19.71 88.47 23.67
93.65 859.72 359.86 57.80 19.71 88.47 23.67
93.85 859.59 359.80 59.64 19.73 82.37 23.67
94.06 859.43 359.74 61.06 19.75 79.32 23.67
94.27 859.26 359.68 62.25 19.76 79.32 23.67
94.46 859.07 359.62 63.30 19.78 76.27 23.67
94.65 858.98 359.55 63.82 19.80 76.27 23.98
94.84 858.97 359.49 62.53 19.83 76.27 23.98
95.03 858.97 359.49 59.57 19.83 76.27 23.98
95.22 858.95 359.43 54.90 19.85 82.37 23.98
95.42 857.81 359.37 54.96 19.87 88.47 23.98
95.62 857.73 359.31 57.61 19.89 88.47 23.98
95.83 857.61 359.25 59.50 19.90 82.37 23.98
96.03 857.45 359.19 61.00 19.92 82.37 23.98
96.22 857.28 359.19 62.21 19.92 79.32 23.98
96.41 857.09 359.12 63.36 19.94 79.32 23.98
96.60 857.00 359.06 63.84 19.97 76.27 23.98
96.78 857.00 359.00 63.49 19.99 76.27 23.98
96.97 856.99 358.94 61.40 20.00 73.22 23.98
97.16 856.98 358.94 57.52 20.00 76.27 23.98
97.35 856.71 358.88 53.24 20.02 85.42 23.98
97.53 855.80 358.82 56.51 20.03 91.52 24.30
97.72 855.70 358.76 58.72 20.03 79.32 23.98
97.91 855.56 358.70 60.34 20.03 82.37 23.98
98.12 855.39 358.63 61.66 20.05 79.32 23.98
98.32 855.21 358.63 62.78 20.05 76.27 23.98
98.51 855.02 358.57 63.78 20.07 76.27 24.30
98.70 855.02 358.51 63.39 20.08 73.22 23.98
98.90 855.01 358.45 61.29 20.09 73.22 23.98
99.10 855.00 358.38 57.47 20.11 76.27 23.98
99.29 854.73 358.32 53.17 20.12 82.37 23.98
99.50 853.83 358.26 56.37 20.13 91.52 24.30
99.69 853.73 358.26 58.58 20.13 85.42 24.30
99.87 853.67 358.20 59.41 20.13 82.37 23.98
100.07 853.51 358.14 60.82 20.13 82.37 23.98
100.26 853.32 358.08 62.01 20.13 79.32 23.98
100.47 853.14 358.02 63.10 20.13 79.32 23.98
100.67 853.05 357.96 63.64 20.12 76.27 23.98
100.87 853.04 357.96 62.43 20.12 76.27 23.98
101.06 853.04 357.89 59.43 20.12 73.22 23.98
101.26 853.02 357.83 54.75 20.13 79.32 23.98
101.46 851.86 357.77 54.86 20.13 88.47 23.98
