10.02 480.73 258.81 31.38 14.35 9.15 9.78
10.21 480.62 258.76 32.28 14.35 332.53 9.78
10.41 480.56 258.76 33.21 14.35 350.83 10.10
10.59 480.56 258.72 33.58 14.35 359.98 10.41
10.78 480.55 258.67 33.05 14.36 375.24 10.73
10.96 480.55 258.63 32.47 14.35 390.49 10.73
11.16 480.37 258.59 31.07 14.35 408.79 11.36
11.33 480.08 258.59 30.42 14.35 430.15 11.99
11.53 479.84 258.54 30.96 14.35 445.40 12.62
11.72 479.61 258.50 32.32 14.34 457.61 13.25
11.90 479.37 258.45 34.31 14.35 469.81 14.20
12.09 479.15 258.41 36.78 14.34 482.01 14.83
12.28 479.04 258.41 39.37 14.34 488.11 15.46
12.47 479.04 258.37 41.24 14.34 497.27 16.73
12.67 479.03 258.32 42.00 14.35 509.47 17.04
12.86 479.00 258.28 41.71 14.34 524.72 18.30
13.06 477.45 258.23 44.56 14.35 546.08 19.25
13.25 477.35 258.18 49.63 14.36 552.18 20.20
13.43 477.26 258.18 52.13 14.36 555.23 21.46
13.63 477.03 258.13 57.15 14.37 564.38 22.72
13.81 476.77 258.07 62.19 14.40 567.43 23.98
14.00 476.48 258.02 67.22 14.44 567.43 25.56
14.18 476.17 257.96 72.19 14.50 564.38 26.51
14.38 476.16 257.96 75.89 14.50 570.48 28.09
14.56 476.16 257.91 77.61 14.56 573.53 28.72
14.76 476.14 257.84 77.40 14.64 579.63 30.30
14.96 475.64 257.78 76.44 14.75 588.79 31.56
15.16 473.99 257.72 82.60 14.86 597.94 33.14
15.34 473.91 257.65 85.37 15.01 588.79 35.03
15.54 473.51 257.65 92.83 15.01 597.94 36.29
15.74 473.17 257.58 97.38 15.17 591.84 37.87
15.92 472.98 257.51 99.60 15.36 591.84 39.45
16.11 472.59 257.44 103.91 15.56 594.89 40.71
16.31 472.20 257.36 107.79 15.79 591.84 42.29
16.50 471.79 257.28 110.34 16.05 588.79 43.87
16.69 471.38 257.28 111.36 16.05 585.74 45.45
16.87 470.95 257.20 110.95 16.33 591.84 46.08
17.06 470.52 257.12 113.37 16.63 591.84 47.34
17.26 470.08 257.03 117.58 16.98 588.79 48.92
17.45 469.63 256.94 121.13 17.34 579.63 50.49
17.64 469.18 256.94 124.44 17.34 579.63 51.76
17.82 468.96 256.85 125.93 17.74 570.48 53.02
18.01 468.50 256.76 128.86 18.17 570.48 54.28
18.19 468.05 256.66 131.75 18.62 561.33 55.54
18.39 467.58 256.57 133.18 19.10 552.18 57.12
18.58 467.12 256.47 132.85 19.61 552.18 58.07
18.76 466.64 256.47 130.47 19.61 552.18 58.38
18.95 466.17 256.37 127.15 20.14 555.23 59.65
19.14 465.70 256.27 130.48 20.68 561.33 60.91
19.32 465.22 255.96 132.89 22.13 549.13 61.86
19.53 464.74 255.80 134.81 23.73 539.98 63.12
19.73 464.26 255.80 136.34 23.73 536.92 64.06
19.92 463.77 255.76 137.67 24.44 530.82 65.01
20.12 463.28 255.72 139.00 25.08 524.72 65.96
20.30 463.04 255.67 139.64 25.67 518.62 66.91
20.50 462.54 255.60 140.84 26.23 518.62 67.54
20.69 461.50 255.51 144.55 26.78 509.47 68.48
20.88 461.25 255.51 146.84 26.78 494.21 69.43
21.08 460.89 255.19 148.11 28.04 488.11 70.06
21.27 460.46 254.93 148.93 29.66 485.06 70.38
21.44 460.01 254.87 149.37 30.45 475.91 71.01
21.64 459.54 254.83 149.66 31.16 472.86 71.64
21.83 458.33 254.79 151.38 31.77 466.76 72.27
22.02 457.99 254.79 154.09 31.77 454.56 72.59
22.21 457.75 254.74 155.19 32.29 442.35 73.22
22.40 457.39 254.66 155.41 32.73 433.20 73.53
22.59 456.98 254.57 154.97 33.14 433.20 73.85
22.78 456.76 254.45 154.63 33.53 427.10 73.85
22.96 456.29 254.23 153.70 34.11 424.05 74.48
23.16 455.82 253.96 152.60 35.47 417.95 74.48
23.34 455.34 253.90 151.39 36.13 417.95 74.79
23.54 454.85 253.87 150.17 36.64 414.90 75.11
23.73 454.36 253.82 148.65 37.02 411.85 75.11
23.92 453.88 253.82 147.03 37.02 411.85 75.43
24.10 453.38 253.76 145.51 37.27 408.79 75.43
24.30 452.35 253.68 146.76 37.44 405.74 75.43
24.49 452.10 253.58 148.05 37.54 399.64 75.43
24.69 451.75 253.21 149.24 38.23 393.54 75.43
24.87 451.55 253.01 149.32 39.08 387.44 75.43
25.06 451.13 253.01 148.72 39.08 384.39 75.43
25.25 450.68 252.97 147.69 39.32 378.29 75.11
25.44 450.22 252.93 146.34 39.41 375.24 75.11
25.62 449.75 252.87 144.58 39.35 378.29 74.79
25.81 449.28 252.79 144.54 39.20 375.24 74.48
26.01 448.80 252.79 146.05 39.20 375.24 74.48
26.19 448.33 252.69 146.42 38.99 366.08 74.48
26.39 447.86 252.35 146.25 38.75 363.03 74.16
26.59 447.38 252.21 145.68 39.05 359.98 73.85
26.79 446.91 252.01 144.88 40.13 359.98 73.85
26.98 446.44 251.98 144.00 40.56 356.93 73.53
27.17 445.97 251.98 142.98 40.56 356.93 73.53
27.35 445.74 251.93 142.48 40.75 353.88 73.22
27.54 445.28 251.87 141.52 40.72 350.83 73.22
27.74 444.82 251.80 140.48 40.48 350.83 72.90
27.92 444.36 251.70 139.21 40.14 350.83 72.59
28.11 443.90 251.58 138.05 39.76 350.83 72.59
28.31 443.43 251.33 140.08 39.66 350.83 72.27
28.50 442.98 251.08 141.00 40.25 347.78 71.95
28.69 442.52 251.02 141.27 40.74 344.73 71.95
28.88 442.07 250.98 141.26 41.10 341.68 71.64
29.06 441.61 250.93 141.16 41.22 338.63 71.64
29.24 441.38 250.93 141.01 41.22 341.68 71.32
29.43 440.93 250.88 140.87 41.12 338.63 71.32
29.63 440.48 250.80 140.50 40.81 335.58 71.32
29.82 440.03 250.70 140.12 40.40 335.58 71.32
30.01 439.59 250.59 139.65 39.94 332.53 71.01
30.21 439.13 250.22 139.20 39.91 332.53 71.01
30.38 438.69 250.09 138.80 40.26 329.48 70.69
30.57 438.25 250.03 138.37 40.70 332.53 70.69
30.77 437.81 249.99 138.01 41.02 329.48 70.69
30.95 437.37 249.94 137.57 41.08 329.48 70.69
31.14 436.93 249.94 137.11 41.08 329.48 70.69
31.34 436.49 249.89 136.74 40.90 329.48 70.69
31.53 436.28 249.81 136.47 40.55 329.48 70.69
31.72 435.83 249.72 136.11 40.10 326.43 71.01
31.90 435.39 249.60 135.68 39.62 326.43 70.69
32.09 434.95 249.25 135.25 39.84 329.48 70.69
32.28 434.52 249.12 134.82 40.26 329.48 70.69
32.46 434.08 249.05 134.42 40.73 329.48 70.69
32.65 433.65 249.01 134.03 40.94 329.48 71.01
32.84 433.21 248.97 133.65 40.90 329.48 71.01
33.02 432.78 248.91 133.41 40.65 329.48 71.01
33.22 432.57 248.91 133.18 40.65 329.48 71.01
33.41 432.14 248.84 132.94 40.26 332.53 71.32
33.60 431.71 248.74 132.76 39.80 329.48 71.32
33.77 431.28 248.63 132.50 39.30 329.48 71.32
33.96 430.85 248.26 132.18 39.56 329.48 71.64
34.16 430.42 248.14 131.88 40.02 332.53 71.64
34.36 430.00 248.07 131.64 40.49 332.53 71.64
34.56 429.58 248.03 131.33 40.69 335.58 71.95
34.75 429.15 247.99 131.08 40.65 335.58 72.59
34.94 428.72 247.93 130.79 40.41 335.58 72.59
35.14 428.29 247.86 130.61 40.00 338.63 72.90
35.33 427.86 247.76 130.38 39.51 338.63 73.22
35.53 427.44 247.76 130.11 39.51 338.63 73.53
35.72 427.01 247.41 130.00 39.09 341.68 73.85
35.90 426.79 247.27 129.96 39.38 341.68 73.85
36.09 426.37 247.11 129.87 40.28 344.73 74.16
36.27 425.93 247.07 129.77 40.46 344.73 74.48
36.47 425.52 247.07 129.68 40.46 347.78 74.48
36.67 425.09 247.03 129.63 40.40 347.78 75.11
36.85 424.66 246.97 129.51 40.13 347.78 75.43
37.05 424.23 246.88 129.52 39.74 350.83 75.74
37.23 423.82 246.78 129.47 39.31 350.83 75.74
37.43 423.39 246.56 129.32 39.11 353.88 76.06
37.61 422.97 246.27 129.25 39.70 353.88 76.37
37.80 422.55 246.22 129.17 40.18 353.88 76.69
37.99 422.12 246.19 129.05 40.53 356.93 77.32
38.19 421.69 246.14 129.04 40.66 356.93 77.64
38.39 421.27 246.08 128.96 40.57 359.98 77.95
38.58 421.05 246.08 128.89 40.57 363.03 78.27
38.77 420.63 246.00 128.77 40.30 363.03 78.27
38.96 420.20 245.66 128.71 39.80 363.03 78.58
39.16 419.78 245.51 128.75 39.77 366.08 79.21
39.34 419.36 245.31 128.61 40.44 366.08 79.53
39.53 418.93 245.27 128.56 40.83 369.14 79.53
39.72 418.50 245.27 128.58 40.83 369.14 79.84
39.90 418.07 245.22 128.65 41.15 372.19 80.48
40.09 417.65 245.16 128.73 41.22 372.19 80.48
40.28 417.22 245.08 128.79 41.10 375.24 80.79
40.47 416.79 244.98 128.90 40.83 378.29 81.11
40.65 416.57 244.74 128.94 40.78 375.24 81.11
40.84 416.14 244.45 128.98 40.88 381.34 81.42
41.05 415.72 244.38 129.14 41.20 381.34 81.74
41.24 415.28 244.34 129.26 41.51 381.34 82.05
41.43 414.85 244.29 129.33 41.82 381.34 82.05
41.63 414.42 244.23 129.45 42.05 384.39 82.37
41.81 413.99 244.23 129.55 42.05 384.39 82.68
41.99 413.56 244.15 129.62 42.07 387.44 82.68
42.18 413.12 243.80 129.82 41.99 387.44 83.00
42.37 412.68 243.65 129.99 42.06 387.44 83.32
42.57 412.25 243.45 130.16 42.21 390.49 83.32
42.75 412.03 243.45 130.22 42.21 390.49 83.32
42.94 411.60 243.41 130.43 42.38 390.49 83.63
43.13 411.17 243.36 130.54 42.56 390.49 83.63
43.31 410.73 243.29 130.62 42.74 396.59 83.63
43.50 410.29 243.21 130.83 42.82 396.59 83.95
43.68 409.86 243.21 130.99 42.82 396.59 84.26
43.88 409.42 242.85 131.08 42.79 396.59 84.26
44.07 408.98 242.56 131.27 42.99 396.59 84.26
44.26 408.53 242.49 131.49 43.04 396.59 84.26
44.45 408.09 242.45 131.69 43.18 396.59 84.58
44.65 407.65 242.40 131.87 43.33 399.64 84.58
44.84 407.43 242.40 132.00 43.33 399.64 84.58
45.04 406.98 242.34 132.28 43.49 399.64 84.58
45.22 406.54 242.25 132.50 43.57 402.69 84.58
45.42 406.11 242.14 132.74 43.46 402.69 84.58
45.61 405.66 241.74 132.82 43.57 402.69 84.58
45.79 405.22 241.60 132.97 43.64 399.64 84.89
45.99 404.78 241.53 133.12 43.67 402.69 84.58
46.18 404.33 241.49 133.22 43.77 402.69 84.58
46.37 403.88 241.44 133.42 43.90 402.69 84.58
46.57 403.44 241.38 133.57 44.01 405.74 84.58
46.76 403.00 241.30 133.71 44.05 402.69 84.58
46.95 402.55 241.30 133.85 44.05 402.69 84.58
47.14 402.09 240.93 133.99 44.00 405.74 84.58
47.33 401.65 240.64 134.12 44.09 405.74 84.58
47.53 401.21 240.58 134.37 44.07 405.74 84.58
47.71 400.98 240.54 134.35 44.15 405.74 84.58
47.91 400.54 240.50 134.37 44.21 405.74 84.58
48.09 400.09 240.50 134.45 44.21 405.74 84.26
48.29 399.63 240.43 134.71 44.30 405.74 84.26
48.47 399.19 240.35 134.86 44.33 405.74 84.26
48.66 398.70 240.23 135.02 44.18 405.74 84.26
48.84 397.64 239.89 137.77 44.11 405.74 84.26
49.03 397.22 239.65 140.92 44.21 399.64 84.26
49.21 397.15 239.65 141.70 44.15 396.59 83.95
49.41 396.90 239.60 142.50 44.20 393.54 83.63
49.58 396.55 239.57 142.51 44.23 393.54 83.63
49.78 396.16 239.50 142.15 44.27 393.54 83.95
49.97 395.73 239.50 141.59 44.27 393.54 83.63
50.16 395.34 239.40 140.74 44.27 393.54 83.63
50.35 394.88 239.03 139.93 44.09 390.49 83.63
50.55 394.44 238.89 139.03 44.10 393.54 83.32
50.75 393.99 238.67 138.04 44.07 390.49 83.32
50.93 393.54 238.63 137.18 44.14 390.49 83.32
51.13 393.08 238.63 136.22 44.14 393.54 83.32
51.31 392.64 238.57 135.21 44.22 390.49 83.32
51.50 392.19 238.51 134.28 44.30 393.54 83.00
51.69 391.97 238.43 133.76 44.33 396.59 83.00
51.87 391.51 238.32 132.71 44.18 396.59 82.68
52.08 391.06 237.92 131.65 44.23 399.64 82.68
52.26 390.62 237.78 130.70 44.27 399.64 82.68
52.45 390.16 237.72 129.67 44.23 399.64 82.68
52.64 389.71 237.68 128.66 44.30 402.69 82.68
52.83 389.26 237.63 130.31 44.36 405.74 82.68
53.01 388.81 237.57 133.08 44.44 405.74 82.37
53.21 388.35 237.57 134.63 44.44 402.69 82.37
53.41 387.89 237.48 135.52 44.48 399.64 82.37
53.59 387.45 237.37 136.01 44.31 399.64 82.37
53.79 387.00 236.98 136.37 44.31 399.64 82.37
53.98 386.77 236.77 136.51 44.27 396.59 82.37
54.17 386.32 236.77 136.60 44.27 399.64 82.37
54.35 385.87 236.73 136.69 44.35 396.59 82.37
54.54 385.42 236.68 136.70 44.39 396.59 82.05
54.74 384.97 236.62 136.62 44.48 396.59 82.05
54.94 384.51 236.53 136.67 44.51 396.59 82.05
55.12 384.06 236.43 136.63 44.33 396.59 82.05
55.31 383.60 236.18 136.68 44.33 396.59 82.05
55.50 383.15 235.89 136.80 44.32 396.59 82.05
55.68 382.70 235.82 136.98 44.27 393.54 82.37
55.88 382.24 235.79 136.95 44.27 393.54 82.37
56.05 382.01 235.74 137.00 44.22 393.54 82.37
56.25 381.56 235.74 137.12 44.22 393.54 82.37
56.44 381.11 235.67 137.10 44.35 393.54 82.37
56.64 380.65 235.59 137.18 44.30 393.54 82.37
56.83 380.20 235.48 137.16 44.10 390.49 82.37
57.00 379.74 235.08 137.20 43.98 390.49 82.37
57.20 379.30 234.94 137.28 43.98 390.49 82.37
57.41 378.85 234.88 137.36 43.89 390.49 82.37
57.61 378.40 234.84 137.32 43.94 390.49 82.37
57.79 377.95 234.79 137.35 43.97 390.49 82.37
57.97 377.49 234.73 137.46 44.02 390.49 82.68
58.17 377.04 234.64 137.42 44.03 387.44 82.68
58.36 376.58 234.54 137.41 43.86 387.44 82.68
58.54 376.35 234.29 137.42 43.87 387.44 82.68
58.73 375.90 234.00 137.33 43.84 387.44 82.68
58.92 375.45 233.94 137.26 43.78 387.44 82.68
59.11 375.01 233.90 137.08 43.83 387.44 82.68
59.30 374.55 233.90 136.97 43.83 387.44 83.00
59.48 374.10 233.85 136.92 43.87 384.39 83.00
59.67 373.65 233.79 136.98 43.96 384.39 83.00
59.87 373.20 233.70 136.85 43.96 384.39 83.00
60.06 372.75 233.59 136.85 43.81 381.34 83.32
60.25 372.30 233.20 136.88 43.78 384.39 83.32
60.44 372.07 233.06 136.80 43.80 381.34 83.32
60.62 371.62 232.99 136.77 43.75 384.39 83.63
60.81 371.17 232.95 136.83 43.79 381.34 83.32
61.02 370.72 232.90 136.86 43.84 384.39 83.32
61.21 370.27 232.84 136.77 43.93 381.34 83.63
61.41 369.82 232.75 136.73 43.93 381.34 83.63
61.59 369.37 232.75 136.60 43.93 381.34 83.63
61.78 368.92 232.40 136.53 43.75 381.34 83.63
61.96 368.48 232.25 136.51 43.75 378.29 83.63
62.16 368.03 232.04 136.37 43.72 381.34 83.95
62.34 367.58 232.00 136.32 43.81 381.34 83.95
62.53 367.13 232.00 136.37 43.81 378.29 83.95
62.72 366.91 231.95 136.33 43.89 381.34 83.95
62.91 366.46 231.89 136.36 43.99 378.29 84.26
63.11 366.01 231.80 136.29 44.03 378.29 84.26
63.29 365.56 231.69 136.15 43.88 378.29 84.26
63.48 365.12 231.44 136.09 43.89 378.29 84.26
63.69 364.67 231.14 136.00 43.97 378.29 84.26
63.86 364.22 231.07 135.89 43.97 378.29 84.58
64.06 363.77 231.03 135.76 44.05 375.24 84.58
64.25 363.32 230.98 135.76 44.16 378.29 84.58
64.44 362.88 230.92 135.68 44.29 375.24 84.58
64.63 362.44 230.92 135.66 44.29 375.24 84.58
64.82 361.99 230.83 135.69 44.34 375.24 84.89
65.03 361.54 230.48 135.63 44.26 375.24 84.58
65.21 361.10 230.33 135.52 44.29 375.24 84.89
65.40 360.87 230.11 135.53 44.35 375.24 84.89
65.60 360.43 230.07 135.50 44.45 375.24 84.89
65.78 359.99 230.07 135.44 44.45 375.24 85.21
65.96 359.54 230.02 135.39 44.53 375.24 85.21
66.17 359.10 229.96 135.17 44.63 375.24 85.21
66.35 358.66 229.87 135.06 44.67 375.24 85.21
66.55 358.21 229.76 135.04 44.52 375.24 85.21
66.73 357.77 229.52 135.03 44.51 375.24 85.21
66.92 357.32 229.22 134.97 44.56 375.24 85.53
67.11 356.88 229.15 134.88 44.54 375.24 85.53
67.29 356.66 229.11 134.88 44.61 375.24 85.53
67.48 356.21 229.06 134.89 44.68 375.24 85.84
67.67 355.77 229.06 134.76 44.68 372.19 85.53
67.86 355.32 229.00 134.72 44.77 372.19 85.84
68.04 354.88 228.91 134.64 44.79 372.19 85.84
68.23 354.43 228.80 134.62 44.62 375.24 85.84
68.42 353.99 228.40 134.59 44.62 372.19 85.84
68.60 353.55 228.26 134.53 44.63 372.19 85.84
68.80 353.11 228.20 134.58 44.55 372.19 85.84
69.00 352.67 228.16 134.40 44.60 375.24 85.84
69.19 352.22 228.11 134.31 44.62 375.24 85.84
69.36 351.99 228.04 134.37 44.68 372.19 85.84
69.55 351.56 227.96 134.47 44.66 372.19 85.84
69.75 351.12 227.96 134.39 44.66 372.19 86.16
69.93 350.67 227.61 134.37 44.43 372.19 85.84
