10.02 699.70 373.54 23.82 1299.59 6.10 9.78
10.21 699.70 373.53 23.80 1005.23 378.29 9.47
10.40 699.69 373.51 23.16 694.21 396.59 14.52
10.60 699.58 373.51 22.15 694.21 411.85 19.25
10.79 699.38 373.50 21.65 360.36 439.30 21.46
10.99 699.19 373.50 22.05 360.36 457.61 25.88
11.18 699.01 373.48 23.10 4.45 472.86 27.77
11.37 698.81 373.46 24.70 4.43 491.16 31.56
11.56 698.59 373.44 26.86 4.43 515.57 35.03
11.76 698.48 373.44 29.26 4.43 527.77 38.19
11.96 698.48 373.41 31.05 4.45 539.98 41.03
12.15 698.47 373.37 32.01 4.50 561.33 44.18
12.33 698.46 373.31 32.17 4.57 579.63 47.02
12.52 698.08 373.26 32.73 4.69 600.99 49.23
12.71 696.77 373.20 38.93 4.84 616.24 51.44
12.90 696.60 373.20 44.97 4.84 613.19 53.65
13.09 696.34 373.13 51.10 5.05 622.34 55.23
13.29 696.04 373.06 57.33 5.30 625.40 56.81
13.49 695.70 372.99 63.71 5.58 634.55 57.75
13.69 695.33 372.91 70.22 5.92 637.60 58.07
13.89 695.33 372.83 75.36 6.31 637.60 58.07
14.08 695.32 372.83 78.57 6.31 643.70 57.75
14.28 695.30 372.74 79.85 6.76 652.85 57.75
14.46 694.73 372.65 80.62 7.27 662.00 57.12
14.64 692.78 372.56 89.40 7.82 668.11 56.18
14.84 692.55 372.47 96.92 8.42 655.90 54.91
15.03 692.22 372.38 103.57 9.07 652.85 53.65
15.20 692.04 372.38 106.68 9.07 646.75 52.39
15.40 691.62 372.29 112.64 9.77 652.85 50.81
15.59 691.18 372.21 118.16 10.53 640.65 48.92
15.78 690.72 372.12 123.17 11.27 637.60 47.34
15.98 690.24 372.04 126.69 12.06 631.50 45.45
16.17 688.99 371.96 130.31 12.87 628.45 44.81
16.36 688.48 371.96 133.75 12.87 619.29 42.29
16.55 688.32 371.91 138.48 13.68 616.24 40.08
16.73 687.99 371.89 143.70 14.48 600.99 37.87
16.93 687.58 371.90 147.78 15.13 585.74 35.98
17.12 687.13 371.87 151.01 15.75 576.58 34.40
17.31 686.64 371.87 153.62 15.75 567.43 32.51
17.51 685.38 371.78 159.20 16.40 555.23 30.93
17.69 685.11 371.68 161.78 17.11 530.82 29.35
17.88 684.59 371.62 165.17 17.80 527.77 28.09
18.06 684.06 371.56 166.10 18.40 515.57 27.46
18.25 683.52 371.56 164.24 18.40 506.42 26.19
18.45 682.99 371.58 160.94 18.90 506.42 24.93
18.63 682.47 371.67 164.93 19.20 503.37 23.67
18.82 682.29 371.70 166.31 19.39 478.96 22.72
19.00 681.96 371.69 165.57 19.51 478.96 21.78
19.21 681.55 371.64 163.91 19.50 472.86 21.14
19.39 681.08 371.64 161.52 19.50 469.81 20.51
19.58 680.84 371.56 160.15 19.51 469.81 20.20
19.78 680.35 371.18 157.12 19.88 466.76 19.88
19.95 679.09 371.13 157.12 20.13 466.76 19.88
20.15 678.58 371.11 158.22 20.20 463.71 19.88
20.34 678.07 371.11 160.93 20.15 454.56 20.20
20.53 677.56 371.11 162.25 20.15 436.25 20.51
20.71 677.39 371.09 160.99 19.99 436.25 20.51
20.90 677.07 371.06 158.13 19.77 433.20 21.14
21.09 676.67 371.03 154.26 19.47 433.20 21.78
21.28 676.45 370.99 152.09 19.15 436.25 22.09
21.46 676.00 370.99 149.14 19.15 433.20 22.72
21.64 675.52 370.94 148.06 18.79 436.25 23.67
21.83 675.04 370.90 147.20 18.42 433.20 24.30
22.02 674.54 370.86 146.62 18.03 430.15 25.56
22.21 673.48 370.82 149.16 17.64 430.15 26.19
22.40 673.24 370.82 150.56 17.64 424.05 27.14
22.59 672.88 370.78 151.46 17.23 424.05 28.40
22.77 672.47 370.74 150.96 16.84 417.95 28.72
22.96 672.25 370.70 150.15 16.46 417.95 29.98
23.15 671.80 370.65 148.03 16.12 414.90 31.24
23.34 671.34 370.65 145.52 16.12 414.90 32.51
23.52 670.88 370.60 142.69 15.82 417.95 33.45
23.71 669.66 370.55 141.39 15.57 424.05 35.03
23.90 669.50 370.50 143.91 15.36 421.00 35.98
24.09 669.20 370.45 145.61 15.21 417.95 37.56
24.27 668.81 370.45 147.05 15.21 417.95 37.87
24.46 668.39 370.39 148.51 15.13 414.90 39.45
24.65 667.94 370.33 148.88 15.10 411.85 40.40
24.83 667.71 370.27 148.65 15.15 408.79 41.66
25.03 667.25 370.20 147.79 15.26 408.79 42.92
25.20 666.77 370.20 146.52 15.26 405.74 44.18
25.40 666.30 370.14 145.12 15.43 408.79 45.13
25.59 665.83 370.07 143.65 15.63 411.85 46.39
25.79 665.36 369.99 141.94 15.84 411.85 47.34
25.98 664.88 369.92 140.27 16.00 414.90 48.60
26.16 664.41 369.84 141.81 16.17 414.90 48.92
26.34 663.94 369.84 142.25 16.17 414.90 50.18
26.53 663.70 369.76 142.18 16.42 411.85 50.81
26.72 663.23 369.67 141.89 16.78 411.85 51.76
26.92 662.77 369.59 141.37 17.18 414.90 52.70
27.10 662.29 369.50 140.59 17.63 411.85 53.33
27.29 661.81 369.41 139.88 18.04 417.95 54.28
27.47 661.35 369.41 139.00 18.04 417.95 54.60
27.66 660.88 369.32 139.85 18.31 421.00 55.23
27.84 660.41 369.23 141.32 18.49 421.00 55.86
28.04 659.94 369.14 142.13 18.64 421.00 56.81
28.23 659.47 369.05 142.54 18.80 421.00 57.12
28.41 659.24 369.05 142.62 18.80 417.95 57.75
28.60 658.76 368.96 142.67 19.01 421.00 58.38
28.79 658.29 368.87 142.70 19.36 421.00 58.70
28.97 657.83 368.77 142.60 19.98 417.95 59.02
29.16 657.37 368.68 142.49 20.66 421.00 59.33
29.36 656.90 368.68 142.47 20.66 421.00 59.65
29.54 656.43 368.58 142.42 21.33 421.00 60.28
29.74 655.96 368.48 142.21 21.96 421.00 60.59
29.93 655.49 368.38 142.16 22.58 424.05 60.91
30.12 655.02 368.28 142.12 23.19 424.05 61.22
30.30 654.79 368.10 142.10 23.92 424.05 61.86
30.49 654.32 367.88 142.05 25.49 424.05 61.86
30.67 653.85 367.84 141.99 26.26 427.10 61.86
30.87 653.38 367.81 141.99 26.93 427.10 61.86
31.05 652.91 367.77 141.90 27.53 430.15 62.17
31.25 652.45 367.72 141.85 28.05 430.15 62.17
31.43 651.98 367.72 141.84 28.05 433.20 62.49
31.62 651.51 367.66 141.82 28.51 433.20 62.49
31.81 651.04 367.58 141.82 28.91 430.15 62.49
31.99 650.80 367.48 141.86 29.29 433.20 62.49
32.18 650.33 367.37 141.88 29.66 436.25 62.49
32.37 649.86 367.19 141.94 30.17 436.25 62.49
32.55 649.39 366.96 142.01 31.29 439.30 62.49
32.74 648.92 366.92 142.04 31.82 436.25 62.17
32.94 648.44 366.89 142.14 32.24 442.35 62.17
33.13 647.97 366.85 142.22 32.55 439.30 62.17
33.32 647.50 366.85 142.28 32.55 439.30 61.86
33.51 647.03 366.80 142.39 32.78 442.35 61.54
33.69 646.80 366.73 142.36 32.91 445.40 61.54
33.88 646.33 366.65 142.37 33.00 445.40 61.54
34.08 645.85 366.55 142.41 33.07 445.40 61.22
34.26 645.38 366.45 142.48 33.11 448.45 60.59
34.44 644.91 366.26 142.62 33.31 451.50 60.59
34.63 644.43 366.04 142.63 33.89 451.50 60.28
34.82 643.96 365.99 142.73 34.17 451.50 59.96
35.01 643.48 365.97 142.75 34.30 451.50 59.96
35.19 643.00 365.93 142.85 34.35 451.50 59.65
35.38 642.76 365.93 142.92 34.35 454.56 59.33
35.57 642.29 365.88 143.03 34.29 454.56 59.02
35.75 641.81 365.82 143.15 34.15 454.56 59.02
35.94 641.34 365.74 143.31 33.95 457.61 58.70
36.14 640.85 365.64 143.40 33.73 457.61 58.38
36.32 640.38 365.64 143.49 33.73 454.56 58.07
36.51 639.90 365.54 143.73 33.49 457.61 58.07
36.69 639.42 365.44 143.79 33.24 457.61 57.75
36.89 638.94 365.14 143.93 33.19 457.61 57.44
37.08 638.47 364.99 144.10 33.31 460.66 57.44
37.27 637.98 364.97 144.27 33.21 460.66 57.12
37.45 637.74 364.97 144.40 33.21 460.66 57.12
37.65 637.26 364.93 144.47 33.03 460.66 56.81
37.84 636.78 364.88 144.57 32.95 460.66 56.81
38.02 636.30 364.82 144.70 32.91 463.71 56.81
38.22 635.82 364.75 144.75 32.93 460.66 56.49
38.41 635.33 364.75 144.92 32.93 463.71 56.49
38.60 634.84 364.65 145.02 32.96 463.71 56.18
38.80 634.36 364.56 145.26 32.86 460.66 56.18
38.99 633.88 364.46 145.26 32.70 463.71 55.86
39.18 633.39 364.36 145.41 32.45 463.71 55.86
39.36 632.90 364.27 145.72 32.14 463.71 55.54
39.55 631.92 364.27 147.45 32.14 463.71 55.86
39.73 631.76 364.17 149.57 31.81 463.71 55.54
39.93 631.46 364.08 150.47 31.48 460.66 55.54
40.14 631.07 363.98 150.78 31.18 460.66 55.54
40.31 630.64 363.89 150.69 31.04 457.61 55.54
40.52 630.19 363.89 150.43 31.04 457.61 55.23
40.70 629.73 363.79 150.00 31.00 460.66 55.23
40.90 629.25 363.70 149.53 31.06 457.61 55.23
41.09 628.76 363.60 148.93 31.12 460.66 55.54
41.27 628.28 363.51 148.48 31.10 460.66 55.23
41.46 627.79 363.41 147.96 31.01 457.61 55.23
41.65 627.30 363.41 147.33 31.01 460.66 55.54
41.84 626.82 363.32 146.80 30.85 460.66 55.23
42.04 626.57 363.22 146.49 30.67 460.66 55.54
42.22 626.08 363.13 145.90 30.46 460.66 55.54
42.42 625.60 363.03 145.24 30.27 460.66 55.86
42.59 625.11 362.94 144.61 30.08 463.71 55.86
42.78 624.62 362.94 144.09 30.08 463.71 56.18
42.98 624.14 362.84 143.30 30.06 463.71 55.86
43.18 623.65 362.75 142.60 30.13 466.76 55.86
43.37 623.16 362.65 141.97 30.28 466.76 55.86
43.57 621.96 362.56 146.13 30.44 469.81 56.18
43.76 621.62 362.46 150.11 30.52 463.71 56.18
43.95 621.38 362.46 152.00 30.52 457.61 56.81
44.14 621.03 362.37 152.84 30.53 457.61 56.81
44.34 620.61 362.27 152.87 30.49 454.56 56.49
44.52 620.39 362.18 152.70 30.40 457.61 56.81
44.71 619.94 362.08 152.29 30.29 454.56 57.12
44.89 619.47 362.08 151.73 30.29 451.50 57.12
45.09 618.98 361.98 151.03 30.21 454.56 57.12
45.28 618.50 361.89 150.25 30.12 454.56 57.44
45.47 618.01 361.79 149.53 30.04 454.56 57.44
45.67 617.53 361.70 148.74 30.10 451.50 57.75
45.87 617.04 361.60 148.00 30.26 454.56 57.75
46.05 616.55 361.60 147.23 30.26 454.56 58.07
46.24 616.06 361.50 146.47 30.50 457.61 58.07
46.42 615.03 361.41 148.31 30.77 454.56 58.07
46.62 614.78 361.31 148.76 30.95 457.61 58.38
46.82 614.43 361.21 148.40 31.07 454.56 58.38
47.00 614.23 361.21 147.89 31.07 454.56 58.38
47.20 613.79 361.12 146.84 31.14 454.56 58.70
47.39 613.34 361.02 145.54 31.18 454.56 59.02
47.58 612.88 360.92 145.79 31.19 457.61 59.02
47.77 612.40 360.82 147.58 31.22 457.61 59.02
47.96 611.92 360.72 148.28 31.24 457.61 59.33
48.14 611.44 360.72 148.31 31.24 454.56 59.33
48.33 610.95 360.63 148.09 31.26 454.56 59.33
48.53 610.46 360.53 147.57 31.29 454.56 59.65
48.72 609.97 360.43 146.97 31.31 454.56 59.65
48.92 608.76 360.33 147.99 31.34 454.56 59.65
49.10 608.59 360.23 149.25 31.38 454.56 59.96
49.29 608.28 360.23 149.38 31.38 451.50 59.96
49.48 608.10 359.95 149.14 31.61 451.50 59.96
49.67 607.69 359.83 148.32 31.87 451.50 59.96
49.85 607.24 359.68 147.27 32.47 451.50 59.96
50.04 606.78 359.65 146.13 32.68 454.56 60.28
50.22 606.30 359.65 144.99 32.68 454.56 60.28
50.41 605.83 359.61 146.66 32.82 457.61 60.28
50.60 605.35 359.57 147.38 32.88 457.61 60.28
50.81 604.87 359.50 147.46 32.91 454.56 60.28
51.00 604.37 359.42 147.27 32.91 454.56 60.59
51.20 603.89 359.33 146.92 32.90 454.56 60.28
51.38 603.65 359.33 146.65 32.90 454.56 60.28
51.57 603.16 359.23 146.13 32.88 454.56 60.59
51.75 602.67 359.13 145.57 32.86 451.50 60.59
51.95 602.19 358.83 145.00 33.22 457.61 60.59
52.14 601.71 358.67 144.25 33.78 454.56 60.59
52.33 601.22 358.67 143.60 33.78 457.61 60.28
52.52 600.74 358.64 142.88 33.94 460.66 60.59
52.71 599.51 358.60 143.78 34.03 460.66 60.28
52.89 599.34 358.56 146.81 34.01 460.66 60.28
53.08 599.04 358.49 149.41 33.95 454.56 60.28
53.27 598.65 358.42 150.66 33.85 451.50 60.59
53.46 598.22 358.42 151.01 33.85 451.50 60.28
53.64 598.00 358.32 150.93 33.75 451.50 60.28
53.83 597.54 358.22 150.65 33.62 451.50 60.28
54.02 597.06 357.92 150.22 33.81 454.56 60.28
54.22 596.58 357.76 149.77 34.19 451.50 59.96
54.41 596.10 357.76 149.21 34.19 448.45 59.96
54.60 595.61 357.73 148.59 34.26 451.50 59.96
54.79 595.12 357.70 147.90 34.20 451.50 59.96
54.98 594.64 357.65 147.28 34.06 448.45 59.96
55.17 594.15 357.59 146.68 33.85 451.50 59.65
55.36 593.67 357.51 146.04 33.60 454.56 59.96
55.55 593.18 357.51 145.42 33.60 451.50 59.96
55.75 592.94 357.41 145.04 33.33 454.56 59.65
55.92 592.45 357.31 144.43 33.08 454.56 59.65
56.12 591.97 357.02 143.70 32.98 457.61 59.65
56.31 591.48 356.86 142.97 33.10 454.56 59.65
56.49 591.00 356.86 142.23 33.10 460.66 59.65
56.68 590.51 356.83 143.22 33.03 460.66 59.02
56.87 590.03 356.80 144.96 32.84 463.71 59.02
57.06 589.54 356.75 145.97 32.77 457.61 59.33
57.25 589.05 356.69 146.50 32.75 460.66 59.02
57.45 588.57 356.61 146.86 32.80 457.61 59.02
57.65 588.08 356.61 147.01 32.80 457.61 59.02
57.83 587.84 356.51 147.02 32.87 457.61 58.70
58.03 587.35 356.41 147.06 32.83 457.61 58.70
58.23 586.86 356.31 147.17 32.72 460.66 58.38
58.43 586.38 356.02 147.24 32.74 457.61 58.70
58.62 585.89 355.87 147.22 32.81 460.66 58.38
58.80 585.41 355.87 147.25 32.81 460.66 58.38
58.99 584.92 355.84 147.32 32.70 457.61 58.38
59.17 584.43 355.80 147.25 32.51 460.66 58.38
59.37 583.95 355.75 147.24 32.45 457.61 58.38
59.56 583.45 355.69 147.31 32.42 457.61 58.07
59.77 582.23 355.61 149.08 32.46 460.66 58.38
59.96 581.92 355.61 151.73 32.46 454.56 58.07
60.15 581.68 355.52 152.86 32.51 451.50 58.07
60.34 581.33 355.42 153.08 32.47 451.50 58.07
60.52 581.13 355.32 153.03 32.35 448.45 58.07
60.71 580.70 355.22 152.75 32.15 448.45 58.07
60.90 580.25 355.22 152.10 32.15 448.45 58.07
61.09 579.78 355.13 151.43 31.91 448.45 57.75
61.29 579.30 355.03 150.66 31.62 445.40 58.07
61.48 578.82 354.93 149.88 31.35 448.45 57.75
61.66 578.33 354.83 149.12 31.08 448.45 57.75
61.85 577.85 354.65 148.16 31.18 448.45 57.75
62.05 576.63 354.55 149.04 31.45 448.45 58.07
62.24 576.46 354.47 150.26 31.76 451.50 57.75
62.43 576.16 354.43 150.22 32.00 448.45 57.75
62.62 575.78 354.39 149.36 32.07 445.40 57.75
62.80 575.57 354.32 148.81 32.01 445.40 57.75
