10.01 559.53 454.97 20.14 4151.42 9.15 6.00
10.21 559.42 454.98 20.39 3878.74 115.93 6.00
10.40 559.33 454.98 20.91 3878.74 118.98 5.68
10.59 559.25 454.98 21.56 3623.55 125.08 5.37
10.77 559.21 454.98 21.89 3623.55 131.18 5.68
10.96 559.16 454.98 22.59 3623.55 140.33 5.37
11.14 559.16 454.98 22.88 3382.73 140.33 5.37
11.35 559.16 454.98 22.58 3382.73 152.54 4.73
11.53 559.15 454.99 21.67 3155.06 158.64 5.05
11.72 558.89 454.99 21.07 3155.06 170.84 4.73
11.92 558.69 454.99 21.37 3155.06 179.99 4.42
12.10 558.51 455.00 22.36 2937.69 186.09 4.10
12.29 558.34 455.01 23.86 2739.86 192.19 4.10
12.48 558.26 455.02 24.72 2554.60 195.25 4.10
12.66 558.10 455.03 26.70 2378.09 204.40 3.79
12.86 558.01 455.03 28.83 2378.09 204.40 3.47
13.05 558.01 455.04 30.36 2206.04 210.50 3.16
13.24 558.01 455.04 31.06 2206.04 213.55 3.16
13.42 557.99 455.06 31.00 2029.63 216.60 3.16
13.62 557.56 455.07 31.60 1853.65 225.75 2.84
13.81 557.23 455.09 33.36 1674.61 228.80 2.84
13.99 556.95 455.09 35.95 1674.61 234.90 2.52
14.18 556.70 455.11 39.07 1489.63 234.90 2.52
14.36 556.47 455.13 42.40 1295.26 231.85 2.21
14.55 556.36 455.13 44.09 1295.26 231.85 2.21
14.73 556.13 455.15 47.55 1084.25 234.90 1.89
14.93 556.02 455.15 50.67 1084.25 228.80 1.89
15.12 556.01 455.17 52.34 856.44 225.75 1.89
15.31 556.01 455.19 52.59 605.70 231.85 4.10
15.50 555.99 455.21 51.54 324.14 231.85 10.10
15.69 554.62 455.24 53.73 1.08 234.90 15.78
15.89 554.53 455.26 57.71 1.22 231.85 21.14
16.09 554.38 455.26 61.31 1.22 222.70 26.19
16.28 554.18 455.27 64.64 1.36 219.65 30.61
16.47 553.96 455.27 67.75 1.50 213.55 35.35
16.66 553.72 455.27 70.79 1.63 207.45 39.45
16.85 553.60 455.25 72.82 1.75 204.40 42.92
17.03 553.60 455.25 73.08 1.75 198.30 44.81
17.23 553.59 455.25 72.19 1.75 195.25 48.29
17.40 553.57 455.21 69.38 1.83 198.30 51.13
17.60 553.22 455.16 67.01 1.88 201.35 53.33
17.79 552.02 455.09 70.19 1.87 201.35 55.23
17.99 551.89 455.02 72.87 1.80 192.19 56.49
18.18 551.69 455.02 75.24 1.80 186.09 56.81
18.36 551.48 454.93 77.39 1.66 176.94 56.81
18.55 551.22 454.84 79.41 1.44 170.84 56.18
18.76 550.97 454.75 81.27 1.14 164.74 54.91
18.96 550.97 454.67 81.38 0.76 155.59 53.97
19.14 550.97 454.58 79.20 0.29 155.59 52.39
19.33 550.95 454.58 74.87 0.29 155.59 50.49
19.53 550.94 454.49 71.88 0.27 158.64 49.23
19.72 549.41 454.40 72.39 0.93 158.64 46.39
19.92 549.31 454.31 76.19 1.68 158.64 43.87
20.11 549.15 454.22 79.00 2.52 143.38 41.34
20.30 548.94 454.13 81.04 3.46 137.28 38.82
20.49 548.71 454.13 82.72 3.46 128.13 37.24
20.68 548.47 454.05 84.24 4.47 122.03 35.03
20.87 548.34 453.98 84.96 5.55 112.88 33.14
21.06 548.34 453.90 83.35 6.68 103.72 31.24
21.25 548.33 453.83 79.46 7.84 103.72 29.67
21.44 548.31 453.77 73.26 9.00 109.83 28.09
21.65 546.83 453.77 73.09 9.00 118.98 26.51
21.84 546.74 453.70 76.40 10.15 112.88 25.25
22.03 546.59 453.64 78.64 11.24 100.67 23.98
22.23 546.39 453.59 80.30 12.33 97.62 23.35
22.40 546.28 453.53 80.94 13.41 82.37 21.78
22.60 546.07 453.49 82.12 14.48 79.32 20.51
22.79 545.84 453.49 83.12 14.48 61.01 19.88
22.97 545.84 453.44 82.26 15.53 61.01 18.62
23.17 545.83 453.40 79.08 16.45 57.96 17.99
23.34 545.82 453.36 73.76 17.32 61.01 16.73
23.53 545.50 453.32 67.79 18.13 70.17 15.78
23.72 544.43 453.32 71.22 18.13 82.37 15.78
23.91 544.32 453.29 73.48 18.86 70.17 14.83
24.10 544.24 453.26 74.27 19.52 67.12 14.20
24.29 544.07 453.23 75.42 19.99 64.06 13.25
24.48 543.87 453.21 76.28 20.35 61.01 12.62
24.66 543.68 453.21 76.92 20.35 57.96 11.99
24.85 543.58 453.19 76.89 20.59 54.91 11.36
25.04 543.57 453.17 74.69 20.73 57.96 10.73
25.22 543.57 453.15 70.42 20.73 54.91 10.73
25.41 543.55 453.14 64.12 20.59 61.01 10.41
25.60 542.32 453.14 63.34 20.59 70.17 9.78
25.82 542.26 453.13 65.75 20.31 70.17 9.15
26.00 542.14 453.13 67.17 20.31 64.06 8.84
26.20 541.99 453.12 68.13 19.83 61.01 8.21
26.41 541.81 453.12 68.84 19.83 61.01 8.21
26.59 541.63 453.11 69.35 19.14 61.01 7.57
26.79 541.54 453.11 69.33 19.14 57.96 7.26
27.00 541.53 453.11 67.34 18.26 57.96 6.94
27.18 541.53 453.11 65.60 18.26 57.96 6.63
27.37 541.52 453.11 60.78 18.26 61.01 6.31
27.57 541.25 453.11 55.45 17.18 73.22 6.00
27.77 540.36 453.11 58.30 17.18 85.42 5.68
27.97 540.27 453.12 60.13 16.00 76.27 5.68
28.16 540.14 453.12 61.33 16.00 76.27 5.37
28.35 539.98 453.12 62.27 16.00 76.27 5.05
28.54 539.81 453.13 63.02 14.76 76.27 5.05
28.72 539.64 453.14 63.59 13.57 76.27 4.73
28.91 539.64 453.16 62.77 12.44 76.27 4.42
29.11 539.63 453.17 60.21 11.37 76.27 4.42
29.31 539.62 453.18 55.96 10.36 82.37 4.10
29.50 539.37 453.18 51.29 10.36 94.57 4.10
29.69 538.97 453.18 51.91 10.36 106.77 4.10
29.89 538.68 453.20 52.78 9.33 103.72 4.10
30.09 538.43 453.21 53.80 8.37 106.77 3.79
30.29 538.20 453.23 54.94 7.46 106.77 4.10
30.48 537.99 453.24 56.21 6.61 106.77 4.10
30.67 537.79 453.24 57.49 6.61 106.77 4.10
30.85 537.69 453.26 57.92 5.81 106.77 4.42
31.04 537.69 453.26 57.59 5.81 106.77 4.42
31.23 537.68 453.27 55.44 5.03 106.77 4.73
31.40 537.67 453.29 51.69 4.31 115.93 5.05
31.60 537.40 453.29 50.13 4.31 131.18 5.37
31.80 536.51 453.30 53.77 3.64 134.23 5.68
32.00 536.40 453.32 56.49 3.01 125.08 6.31
32.20 536.25 453.33 58.84 2.42 128.13 6.63
32.38 536.08 453.33 60.91 2.42 125.08 7.57
32.57 535.90 453.34 62.78 1.87 125.08 7.89
32.78 535.70 453.35 64.39 1.35 122.03 8.52
32.98 535.70 453.35 64.44 1.35 118.98 9.47
33.18 535.70 453.36 62.70 0.88 122.03 10.10
33.36 535.69 453.36 59.32 0.45 125.08 10.73
33.54 535.40 453.36 56.50 0.06 131.18 11.05
33.74 534.46 453.36 58.33 0.06 137.28 12.31
33.93 534.42 453.36 59.10 0.28 134.23 12.94
34.12 534.28 453.36 60.60 0.28 134.23 13.25
34.31 534.12 453.36 61.99 0.28 134.23 13.89
34.50 533.93 453.36 63.33 0.60 134.23 14.83
34.70 533.73 453.36 64.64 0.60 131.18 15.46
34.88 533.63 453.35 65.48 0.87 131.18 16.10
35.06 533.62 453.35 64.46 0.87 131.18 16.73
35.26 533.61 453.33 61.68 1.08 131.18 17.36
35.45 533.60 453.30 57.18 1.23 137.28 17.99
35.63 532.35 453.27 57.55 1.33 149.48 18.30
35.83 532.27 453.24 60.61 1.38 143.38 18.94
36.02 532.14 453.21 62.88 1.38 140.33 19.57
36.22 532.05 453.21 63.87 1.38 137.28 20.20
36.41 531.87 453.18 65.57 1.34 137.28 20.83
36.60 531.66 453.15 67.07 1.26 134.23 21.46
36.79 531.45 453.11 68.43 1.13 131.18 22.09
36.97 531.45 453.08 68.39 0.95 131.18 22.72
37.16 531.45 453.04 66.30 0.73 131.18 23.35
37.35 531.43 453.04 62.46 0.73 134.23 23.98
37.54 531.13 453.01 58.14 0.46 143.38 24.30
37.74 530.10 452.97 61.96 0.15 149.48 24.93
37.93 529.99 452.93 64.59 0.22 137.28 25.56
38.11 529.82 452.89 66.66 0.64 137.28 25.88
38.31 529.63 452.89 68.34 0.64 134.23 26.51
38.49 529.53 452.85 69.09 1.10 134.23 26.83
38.68 529.32 452.81 70.45 1.59 134.23 27.14
38.87 529.21 452.76 71.26 2.10 131.18 27.77
39.05 529.21 452.71 70.03 2.62 128.13 28.40
39.24 529.20 452.67 66.91 3.17 128.13 28.72
39.43 529.18 452.67 61.85 3.17 134.23 29.03
39.61 527.86 452.62 62.05 3.73 143.38 29.35
39.81 527.78 452.57 65.22 4.32 140.33 29.67
39.99 527.72 452.52 66.43 4.94 134.23 29.98
40.18 527.55 452.47 68.45 5.54 134.23 30.30
40.36 527.36 452.47 70.08 5.54 128.13 30.93
40.55 527.15 452.42 71.52 6.17 128.13 30.93
40.75 526.93 452.37 72.79 6.80 125.08 31.24
40.96 526.93 452.32 72.51 7.46 122.03 31.56
41.14 526.93 452.26 70.16 8.13 118.98 31.56
41.33 526.91 452.21 65.87 8.76 122.03 31.87
41.52 526.60 452.21 61.08 8.76 131.18 32.19
41.72 525.55 452.15 64.89 9.40 140.33 32.19
41.90 525.44 452.10 67.43 10.05 125.08 32.51
42.08 525.27 452.04 69.38 10.69 128.13 32.51
42.28 525.18 451.98 70.21 11.35 122.03 32.82
42.47 524.98 451.98 71.68 11.35 122.03 33.14
42.67 524.75 451.92 72.96 11.95 118.98 32.82
42.84 524.66 451.87 73.62 12.54 115.93 33.14
43.06 524.65 451.81 72.13 13.11 115.93 33.14
43.23 524.64 451.75 68.69 13.69 112.88 33.14
43.43 524.62 451.69 63.33 14.26 118.98 33.14
43.62 523.31 451.69 63.32 14.26 128.13 33.14
43.80 523.23 451.63 66.33 14.76 128.13 33.14
43.99 523.09 451.58 68.47 15.15 118.98 33.14
44.20 522.91 451.51 70.12 15.46 115.93 33.14
44.38 522.71 451.46 71.44 15.74 115.93 33.14
44.59 522.50 451.40 72.60 16.02 109.83 33.14
44.77 522.39 451.40 73.23 16.02 106.77 33.14
44.96 522.39 451.34 72.72 16.28 106.77 32.82
45.15 522.39 451.28 70.26 16.54 106.77 32.82
45.33 522.37 451.22 65.83 16.79 106.77 32.82
45.52 522.07 451.16 60.79 17.03 115.93 32.51
45.71 521.04 451.10 64.42 17.26 125.08 32.51
45.89 520.93 451.10 66.83 17.26 109.83 32.51
46.08 520.77 451.04 68.59 17.48 109.83 32.19
46.28 520.59 450.98 70.00 17.68 106.77 32.19
46.46 520.39 450.92 71.13 17.88 106.77 31.87
46.64 520.28 450.86 71.69 18.05 103.72 31.56
46.84 520.18 450.86 72.17 18.05 103.72 31.56
47.02 520.18 450.80 70.59 18.22 100.67 31.24
47.22 520.17 450.74 67.11 18.37 100.67 30.93
47.41 520.15 450.69 61.70 18.49 106.77 30.93
47.60 518.89 450.63 61.58 18.62 118.98 30.61
47.79 518.81 450.63 64.39 18.62 115.93 30.30
47.97 518.67 450.57 66.38 18.71 106.77 29.98
48.16 518.50 450.52 67.90 18.80 106.77 29.67
48.34 518.32 450.46 69.10 18.88 103.72 29.35
48.54 518.12 450.40 70.14 18.95 103.72 29.03
48.73 518.02 450.40 70.60 18.95 100.67 29.03
48.92 518.02 450.35 70.04 19.00 100.67 28.72
49.10 518.01 450.29 67.58 19.04 97.62 28.40
49.29 518.00 450.24 63.19 19.07 100.67 28.09
49.49 517.70 450.18 58.27 19.09 109.83 28.09
49.68 516.73 450.13 61.69 19.10 118.98 27.46
49.86 516.62 450.13 63.98 19.10 106.77 27.14
50.05 516.46 450.08 65.67 19.08 106.77 27.14
50.23 516.28 450.03 67.04 19.06 106.77 26.83
50.43 516.09 449.97 68.18 19.03 103.72 26.51
50.62 515.99 449.92 68.68 18.99 100.67 26.19
50.80 515.89 449.92 69.19 18.99 100.67 26.19
50.99 515.88 449.87 67.70 18.94 100.67 25.88
51.18 515.88 449.82 64.36 18.88 100.67 25.88
51.39 515.86 449.77 59.20 18.81 106.77 25.56
51.59 514.63 449.72 59.14 18.74 115.93 25.25
51.78 514.56 449.68 61.93 18.65 115.93 24.93
51.98 514.42 449.63 63.91 18.55 109.83 24.93
52.16 514.26 449.63 65.46 18.55 106.77 24.62
52.35 514.07 449.58 66.78 18.45 106.77 24.30
52.54 513.87 449.54 67.92 18.33 103.72 24.30
52.73 513.77 449.49 68.44 18.21 103.72 24.30
52.92 513.77 449.44 67.03 18.10 100.67 23.98
53.12 513.76 449.40 63.80 17.96 103.72 23.98
53.31 513.76 449.40 61.47 17.96 109.83 23.67
53.50 513.47 449.35 56.81 17.83 109.83 23.67
53.70 512.51 449.31 60.20 17.68 125.08 23.67
53.89 512.40 449.27 62.49 17.52 109.83 23.35
54.08 512.25 449.22 64.16 17.36 109.83 23.35
54.28 512.07 449.22 65.53 17.36 109.83 23.04
54.47 511.89 449.18 66.72 17.20 109.83 22.72
54.67 511.69 449.14 67.77 17.03 106.77 22.72
54.84 511.69 449.09 67.29 16.88 103.72 22.41
55.04 511.68 449.05 64.97 16.72 106.77 22.41
55.25 511.67 449.01 60.85 16.55 109.83 22.41
55.44 511.38 448.97 56.17 16.39 118.98 22.41
55.63 510.42 448.97 59.61 16.39 128.13 22.41
55.82 510.31 448.93 61.91 16.22 115.93 22.09
56.03 510.16 448.89 63.66 16.06 115.93 22.09
56.22 509.98 448.85 65.03 15.90 115.93 22.09
56.41 509.78 448.81 66.30 15.74 112.88 22.09
56.60 509.58 448.77 67.44 15.58 112.88 22.09
56.78 509.58 448.77 67.54 15.58 112.88 22.09
56.97 509.58 448.73 66.27 15.42 109.83 22.09
57.17 509.57 448.69 63.17 15.26 109.83 22.09
57.35 509.55 448.66 58.25 15.09 118.98 21.78
57.54 508.33 448.61 58.32 14.94 128.13 21.78
57.72 508.26 448.61 61.20 14.94 128.13 21.78
57.91 508.13 448.57 63.29 14.80 122.03 21.78
58.10 507.96 448.53 64.84 14.66 118.98 21.78
58.28 507.77 448.49 66.18 14.53 118.98 21.78
58.47 507.67 448.45 66.81 14.40 115.93 21.78
58.66 507.47 448.45 67.93 14.40 115.93 21.78
58.86 507.47 448.41 67.54 14.29 112.88 21.78
59.03 507.47 448.38 65.30 14.17 115.93 21.78
59.22 507.45 448.34 61.30 14.04 115.93 21.78
59.42 507.16 448.31 56.72 13.92 125.08 21.78
59.62 506.19 448.28 60.21 13.79 131.18 21.78
59.81 506.08 448.28 62.58 13.79 122.03 21.78
59.99 505.92 448.24 64.39 13.67 122.03 21.78
60.20 505.73 448.22 65.86 13.54 122.03 22.09
60.38 505.53 448.19 67.21 13.41 118.98 21.78
60.57 505.33 448.16 68.44 13.27 118.98 22.09
60.76 505.33 448.14 68.56 13.12 118.98 22.09
60.94 505.32 448.14 67.35 13.12 115.93 22.09
61.13 505.32 448.11 64.26 12.96 118.98 22.09
61.31 505.30 448.09 59.36 12.79 125.08 22.09
61.51 504.05 448.06 59.52 12.63 134.23 22.09
61.70 503.98 448.04 62.46 12.45 131.18 22.09
61.88 503.84 448.04 64.61 12.45 125.08 22.41
62.10 503.66 448.02 66.28 12.26 122.03 22.09
62.29 503.47 448.00 67.67 12.07 122.03 22.41
62.47 503.27 447.99 68.92 11.85 118.98 22.41
62.66 503.17 447.99 69.58 11.61 118.98 22.41
62.85 503.17 447.99 68.25 11.61 118.98 22.41
63.04 503.16 447.99 66.89 11.61 118.98 22.41
63.22 503.15 447.95 62.77 11.34 118.98 22.72
63.41 502.85 447.86 58.15 11.15 128.13 22.72
63.60 501.85 447.76 61.68 11.06 134.23 22.72
63.80 501.74 447.67 64.08 11.04 125.08 23.35
63.99 501.58 447.67 65.86 11.04 125.08 23.35
64.18 501.39 447.43 67.35 11.31 122.03 23.35
64.37 501.19 447.37 68.70 11.56 122.03 23.35
64.55 500.99 447.34 69.85 11.79 118.98 23.35
64.74 500.99 447.33 69.55 11.98 115.93 23.67
64.93 500.98 447.31 68.64 12.15 115.93 23.67
65.11 500.97 447.31 65.43 12.15 115.93 23.67
65.30 500.96 447.29 60.41 12.29 122.03 23.67
65.50 499.69 447.25 60.54 12.44 131.18 23.67
65.69 499.62 447.21 63.45 12.58 131.18 23.98
65.89 499.48 447.17 65.54 12.73 122.03 23.98
66.08 499.30 447.17 67.24 12.73 122.03 23.98
66.28 499.11 447.13 68.62 12.87 118.98 23.98
66.47 498.89 447.09 69.88 13.02 118.98 24.30
66.66 498.79 447.05 70.57 13.15 115.93 24.30
66.85 498.79 447.00 69.22 13.31 112.88 24.30
67.04 498.78 446.96 66.01 13.47 115.93 24.30
67.22 498.77 446.96 63.66 13.47 122.03 24.30
67.41 498.47 446.92 58.98 13.63 122.03 24.62
67.62 497.41 446.88 63.98 13.79 134.23 24.62
67.81 497.35 446.84 65.10 13.95 118.98 24.62
68.00 497.19 446.80 66.92 14.11 118.98 24.62
68.19 497.01 446.76 68.41 14.26 118.98 24.62
68.39 496.80 446.72 69.71 14.41 118.98 24.62
68.58 496.59 446.72 70.86 14.41 115.93 24.93
68.77 496.59 446.68 70.48 14.54 112.88 24.93
68.98 496.59 446.64 68.14 14.66 112.88 24.93
69.18 496.57 446.60 63.89 14.77 115.93 24.62
69.36 496.27 446.55 59.17 14.87 122.03 24.93
69.55 495.26 446.51 62.78 14.96 131.18 24.93
69.74 495.15 446.51 65.16 14.96 118.98 24.93
69.94 495.00 446.47 66.93 15.03 118.98 24.93
70.13 494.82 446.42 68.30 15.07 115.93 24.93
70.32 494.62 446.38 69.49 15.10 115.93 24.93
70.51 494.41 446.33 70.61 15.10 112.88 24.93
70.69 494.41 446.33 70.65 15.10 109.83 24.93
70.89 494.41 446.29 69.24 15.08 112.88 24.93
71.08 494.40 446.24 65.92 15.04 112.88 24.93
71.28 494.38 446.20 60.78 14.95 115.93 24.93
71.47 493.12 446.16 60.72 14.83 128.13 24.93
71.68 493.04 446.10 63.65 14.68 125.08 24.93
71.87 492.91 446.05 65.69 14.46 118.98 24.93
72.05 492.73 446.05 67.26 14.46 115.93 24.93
72.24 492.54 446.01 68.55 14.19 115.93 24.93
72.43 492.34 445.96 69.67 13.97 112.88 24.93
72.62 492.23 445.92 70.29 13.80 109.83 24.93
72.81 492.23 445.87 68.87 13.70 109.83 24.62
73.00 492.22 445.87 65.56 13.70 112.88 24.93
73.20 492.20 445.83 60.41 13.65 115.93 24.93
73.39 490.95 445.79 60.41 13.73 128.13 24.62
73.58 490.87 445.74 63.31 13.88 125.08 24.93
73.77 490.81 445.70 64.45 14.02 118.98 24.62
73.96 490.65 445.65 66.28 14.12 115.93 24.93
74.14 490.47 445.65 67.68 14.12 115.93 24.62
74.35 490.27 445.61 68.88 14.20 112.88 24.62
74.54 490.07 445.57 70.00 14.24 109.83 24.62
74.72 490.06 445.52 69.59 14.29 109.83 24.62
74.91 490.06 445.48 67.24 14.33 109.83 24.62
75.10 490.05 445.44 63.00 14.36 112.88 24.62
75.29 489.75 445.44 58.25 14.36 122.03 24.62
75.47 488.74 445.39 61.84 14.39 131.18 24.62
75.66 488.70 445.35 63.16 14.42 118.98 24.62
75.85 488.56 445.31 65.29 14.44 115.93 24.30
76.04 488.39 445.27 66.91 14.46 118.98 24.62
76.24 488.20 445.27 68.23 14.46 115.93 24.62
76.43 488.00 445.22 69.36 14.49 112.88 24.30
76.61 487.90 445.18 69.99 14.51 109.83 24.62
76.81 487.90 445.14 68.57 14.52 109.83 24.30
76.99 487.89 445.10 65.27 14.51 109.83 24.30
77.18 487.87 445.05 60.16 14.52 115.93 24.62
77.39 486.63 445.05 60.13 14.52 128.13 24.30
77.58 486.55 445.01 62.97 14.52 122.03 24.30
77.78 486.41 444.97 65.02 14.50 118.98 24.30
77.95 486.24 444.93 66.60 14.48 115.93 24.30
78.15 486.05 444.88 67.92 14.46 115.93 24.30
78.33 485.95 444.88 68.48 14.46 112.88 24.30
78.52 485.74 444.84 69.56 14.42 112.88 24.30
78.71 485.74 444.80 69.15 14.40 109.83 24.30
78.89 485.74 444.75 66.79 14.37 112.88 24.30
79.08 485.72 444.71 62.58 14.34 112.88 23.98
79.28 485.43 444.67 57.84 14.31 122.03 24.30
79.49 484.45 444.67 61.38 14.31 131.18 24.30
79.68 484.33 444.63 63.80 14.27 118.98 24.30
79.90 484.17 444.58 65.65 14.25 118.98 23.98
80.08 483.99 444.54 67.09 14.21 118.98 23.98
80.27 483.79 444.50 68.34 14.18 115.93 23.98
80.45 483.59 444.46 69.50 14.13 112.88 23.98
80.65 483.59 444.46 69.11 14.13 112.88 23.98
80.84 483.58 444.42 66.78 14.09 112.88 23.98
81.03 483.58 444.38 64.93 14.05 112.88 23.98
81.22 483.56 444.33 59.89 14.04 112.88 23.98
81.42 482.29 444.29 60.02 14.02 128.13 23.98
81.61 482.22 444.25 62.95 14.01 128.13 23.98
81.80 482.09 444.25 65.00 14.01 118.98 23.98
81.99 481.93 444.21 66.60 13.98 118.98 23.98
82.20 481.73 444.17 67.97 13.97 115.93 23.98
82.38 481.53 444.12 69.10 13.95 112.88 23.98
82.57 481.43 444.08 69.70 13.93 109.83 23.98
82.76 481.42 444.04 68.36 13.92 109.83 23.98
82.96 481.42 444.04 65.09 13.92 109.83 23.98
83.14 481.40 444.00 60.04 13.91 118.98 23.98
83.33 480.15 443.96 60.03 13.89 128.13 23.98
83.53 480.07 443.92 62.89 13.87 128.13 23.98
83.71 480.01 443.88 63.99 13.85 118.98 23.98
83.89 479.86 443.83 65.79 13.85 118.98 23.98
84.09 479.67 443.83 67.16 13.85 115.93 23.98
84.28 479.47 443.79 68.39 13.84 115.93 23.98
84.47 479.27 443.75 69.53 13.83 115.93 23.98
84.66 479.27 443.71 69.09 13.82 112.88 23.98
84.86 479.26 443.67 66.71 13.81 112.88 23.98
85.05 479.25 443.63 62.53 13.79 115.93 23.98
85.24 478.95 443.63 57.88 13.79 125.08 24.30
85.43 477.96 443.58 61.49 13.78 131.18 23.98
85.62 477.85 443.54 63.97 13.78 118.98 24.30
85.80 477.77 443.50 64.96 13.76 122.03 23.98
