9.99 486.93 337.15 25.80 7.23 9.15 10.73
10.17 486.93 337.13 25.71 7.23 140.33 10.73
10.39 486.92 337.11 24.95 7.22 143.38 10.73
10.58 486.80 337.11 23.82 7.22 152.54 10.73
10.78 486.63 337.08 23.05 7.22 164.74 10.73
10.98 486.47 337.06 23.13 7.21 170.84 10.73
11.17 486.34 337.04 23.70 7.21 179.99 11.05
11.37 486.22 337.02 24.61 7.20 179.99 11.05
11.56 486.08 336.99 25.78 7.21 186.09 11.05
11.75 486.02 336.97 27.01 7.20 189.14 11.05
11.93 486.02 336.97 27.48 7.20 195.25 11.05
12.12 486.01 336.95 27.85 7.19 201.35 11.36
12.33 486.00 336.93 27.51 7.19 210.50 11.36
12.51 485.79 336.91 26.93 7.18 219.65 11.68
12.70 485.46 336.89 27.37 7.17 228.80 11.68
12.89 485.21 336.89 28.86 7.17 234.90 11.99
13.07 484.99 336.87 31.04 7.17 237.96 12.31
13.27 484.77 336.84 33.68 7.17 241.01 12.31
13.46 484.57 336.82 36.63 7.17 244.06 12.62
13.66 484.36 336.79 39.79 7.17 241.01 12.62
13.85 484.36 336.77 42.25 7.18 241.01 12.62
14.04 484.36 336.77 43.56 7.18 241.01 12.94
14.25 484.35 336.75 43.75 7.19 244.06 12.94
14.43 484.33 336.72 43.46 7.21 253.21 13.25
14.62 483.06 336.69 45.78 7.23 253.21 13.25
14.83 482.98 336.67 49.74 7.25 253.21 13.57
15.02 482.83 336.64 53.44 7.28 247.11 13.57
15.22 482.65 336.64 56.84 7.28 244.06 13.89
15.40 482.43 336.62 60.18 7.31 241.01 14.20
15.59 482.20 336.59 63.35 7.34 237.96 14.20
15.79 482.08 336.57 65.99 7.37 231.85 14.52
15.96 482.07 336.54 66.83 7.40 228.80 14.52
16.16 482.06 336.54 65.98 7.40 228.80 14.52
16.34 482.04 336.51 63.49 7.44 228.80 14.83
16.55 480.55 336.48 64.67 7.49 234.90 15.15
16.73 480.46 336.45 67.90 7.55 231.85 15.15
16.92 480.28 336.42 70.76 7.61 219.65 15.46
17.12 480.07 336.39 73.33 7.67 216.60 15.15
17.31 479.96 336.39 74.55 7.67 210.50 15.46
17.52 479.58 336.36 77.98 7.74 207.45 15.78
17.72 479.45 336.33 79.62 7.82 192.19 15.78
17.91 479.45 336.30 79.59 7.90 189.14 16.10
18.10 479.44 336.27 77.88 7.98 192.19 16.41
18.28 479.43 336.23 74.02 8.07 189.14 16.41
18.47 479.05 336.23 69.65 8.07 195.25 16.41
18.67 477.78 336.20 74.63 8.17 201.35 16.73
18.86 477.64 336.17 78.21 8.27 179.99 16.73
19.05 477.44 336.13 80.98 8.39 173.89 16.73
19.23 477.21 336.10 83.19 8.50 167.79 17.04
19.43 476.95 336.06 85.13 8.62 158.64 17.04
19.62 476.69 336.06 86.92 8.62 152.54 17.04
19.83 476.69 336.02 86.78 8.75 140.33 17.36
20.02 476.68 335.99 84.21 8.88 137.28 17.36
20.20 476.67 335.95 79.37 9.02 137.28 17.36
20.39 476.65 335.92 76.09 9.16 146.43 17.67
20.57 475.06 335.92 76.36 9.16 146.43 17.67
20.77 474.97 335.88 80.06 9.29 143.38 17.67
20.95 474.79 335.84 82.74 9.45 118.98 17.99
21.15 474.58 335.81 84.81 9.59 115.93 17.99
21.35 474.34 335.77 86.51 9.74 94.57 17.99
21.52 474.09 335.73 87.89 9.89 91.52 17.99
21.72 473.97 335.73 88.57 9.89 76.27 17.99
21.91 473.97 335.69 86.70 10.03 76.27 17.99
22.11 473.96 335.66 82.44 10.17 79.32 18.30
22.30 473.93 335.62 75.91 10.29 88.47 18.30
22.50 472.43 335.58 75.68 10.43 97.62 18.30
22.69 472.35 335.54 78.89 10.56 94.57 18.62
22.87 472.27 335.54 80.08 10.56 76.27 18.62
23.08 472.10 335.50 81.90 10.70 76.27 18.62
23.27 471.78 335.46 83.74 10.84 70.17 18.62
23.47 471.67 335.42 84.20 10.97 54.91 18.62
23.66 471.44 335.38 85.06 11.10 54.91 18.62
23.86 471.44 335.35 84.15 11.22 45.76 18.62
24.06 471.43 335.31 80.81 11.34 51.86 18.62
24.25 471.42 335.31 75.13 11.34 54.91 18.62
24.45 471.10 335.27 68.82 11.45 67.12 18.62
24.64 470.03 335.23 72.15 11.56 79.32 18.62
24.83 469.92 335.19 74.16 11.66 67.12 18.62
25.02 469.75 335.15 75.51 11.76 64.06 18.62
25.21 469.57 335.15 76.48 11.76 64.06 18.62
25.40 469.37 335.11 77.15 11.85 57.96 18.62
25.61 469.16 335.07 77.70 11.94 57.96 18.62
25.80 469.16 335.03 76.60 12.02 57.96 18.62
25.99 469.16 334.99 73.25 12.11 54.91 18.62
26.18 469.15 334.95 67.89 12.19 57.96 18.30
26.36 468.86 334.95 61.97 12.19 67.12 18.62
26.55 467.91 334.91 63.70 12.26 82.37 18.62
26.74 467.84 334.87 66.08 12.33 73.22 18.62
26.93 467.71 334.83 67.60 12.40 70.17 18.62
27.13 467.55 334.79 68.59 12.45 70.17 18.30
27.32 467.37 334.75 69.38 12.50 70.17 18.30
27.51 467.18 334.75 70.02 12.50 67.12 18.30
27.71 467.09 334.71 70.06 12.55 70.17 18.30
27.89 467.08 334.67 68.18 12.60 67.12 17.99
28.10 467.08 334.63 64.37 12.64 67.12 17.99
28.27 467.06 334.59 58.69 12.68 73.22 17.99
28.47 465.89 334.55 58.16 12.72 94.57 18.30
28.65 465.83 334.55 60.54 12.72 91.52 18.30
28.85 465.71 334.51 62.15 12.75 88.47 17.67
29.05 465.55 334.47 63.39 12.79 85.42 17.99
29.23 465.46 334.43 63.90 12.82 88.47 17.99
29.42 465.29 334.39 64.75 12.85 85.42 17.99
29.62 465.10 334.39 65.53 12.85 88.47 17.67
29.80 465.10 334.35 64.90 12.87 88.47 17.67
30.00 465.09 334.31 62.45 12.90 85.42 17.67
30.19 465.08 334.28 58.23 12.91 91.52 17.67
30.37 464.81 334.24 53.57 12.92 106.77 17.67
30.56 463.92 334.20 56.68 12.93 122.03 17.67
30.75 463.81 334.20 58.77 12.93 109.83 17.67
30.95 463.67 334.16 60.34 12.94 112.88 17.36
31.14 463.50 334.12 61.58 12.95 112.88 17.36
31.33 463.32 334.08 62.65 12.95 112.88 17.36
31.52 463.22 334.04 63.20 12.95 112.88 17.04
31.70 463.13 334.04 63.67 12.95 112.88 17.04
31.89 463.12 334.01 62.43 12.94 112.88 17.04
32.08 463.12 333.97 59.38 12.93 115.93 17.04
32.27 463.10 333.93 54.69 12.92 122.03 17.04
32.45 461.88 333.89 54.90 12.91 137.28 17.04
32.65 461.83 333.89 57.83 12.91 134.23 16.73
32.83 461.70 333.86 59.95 12.90 131.18 16.73
33.02 461.54 333.82 61.65 12.88 128.13 16.73
33.22 461.36 333.78 63.11 12.85 131.18 16.73
33.41 461.27 333.75 63.76 12.82 131.18 16.41
33.59 461.07 333.71 65.01 12.79 128.13 16.41
33.78 461.07 333.71 64.82 12.79 128.13 16.41
33.97 461.06 333.68 62.90 12.75 128.13 16.41
34.17 461.05 333.64 59.13 12.71 131.18 16.41
34.36 460.75 333.60 54.98 12.68 143.38 16.41
34.54 459.77 333.57 58.64 12.64 155.59 16.10
34.73 459.66 333.53 61.24 12.60 140.33 16.10
34.92 459.50 333.53 63.23 12.60 143.38 16.10
35.11 459.32 333.50 64.89 12.55 140.33 16.10
35.30 459.12 333.46 66.34 12.51 143.38 15.78
35.49 459.01 333.43 67.04 12.45 140.33 15.78
35.66 458.90 333.39 67.91 12.41 140.33 15.78
35.85 458.90 333.39 66.88 12.41 140.33 15.78
36.05 458.89 333.36 63.94 12.36 140.33 15.78
36.22 458.87 333.32 59.29 12.31 149.48 15.78
36.43 457.57 333.29 59.77 12.26 158.64 15.78
36.62 457.49 333.26 63.15 12.20 155.59 15.46
36.81 457.35 333.26 65.55 12.20 149.48 15.46
37.00 457.17 333.22 67.49 12.14 146.43 15.46
37.18 457.07 333.19 68.34 12.08 143.38 15.46
37.38 456.85 333.15 69.97 12.03 143.38 15.46
37.55 456.64 333.12 71.40 11.98 140.33 15.46
37.76 456.63 333.12 71.30 11.98 137.28 15.46
37.96 456.63 333.09 69.22 11.91 137.28 15.46
38.15 456.62 333.05 65.14 11.86 140.33 15.46
38.34 456.30 333.02 60.60 11.81 152.54 15.46
38.54 455.21 332.99 64.67 11.75 158.64 15.46
38.71 455.10 332.96 67.52 11.69 146.43 15.46
38.90 454.93 332.92 69.65 11.65 146.43 15.46
39.10 454.73 332.92 71.38 11.65 140.33 15.15
39.29 454.51 332.89 72.89 11.60 140.33 15.15
39.49 454.28 332.86 74.30 11.53 137.28 15.15
39.67 454.28 332.83 74.50 11.47 134.23 15.15
39.86 454.28 332.79 73.29 11.42 134.23 15.15
40.04 454.27 332.79 70.00 11.42 137.28 15.15
40.24 454.25 332.76 64.87 11.36 143.38 15.15
40.42 452.87 332.72 65.12 11.32 152.54 15.15
40.61 452.79 332.69 68.48 11.28 149.48 15.15
40.80 452.63 332.66 70.86 11.25 140.33 15.15
40.99 452.44 332.66 72.73 11.25 137.28 15.15
41.17 452.24 332.63 74.29 11.20 134.23 15.15
41.37 452.02 332.60 75.65 11.15 131.18 15.15
41.56 451.90 332.57 76.40 11.10 125.08 15.15
41.75 451.90 332.54 75.95 11.06 128.13 15.15
41.94 451.89 332.51 73.50 11.00 125.08 15.15
42.14 451.88 332.51 68.99 11.00 128.13 15.15
42.32 451.55 332.48 63.94 10.95 137.28 15.15
42.51 450.44 332.44 68.03 10.91 146.43 15.15
42.71 450.32 332.41 70.77 10.87 131.18 15.15
42.91 450.14 332.38 72.83 10.83 131.18 15.15
43.09 449.94 332.35 74.49 10.79 128.13 15.15
43.29 449.73 332.35 75.85 10.79 125.08 15.15
43.48 449.50 332.31 77.16 10.75 122.03 15.15
43.67 449.50 332.28 76.78 10.73 118.98 15.46
43.86 449.50 332.25 74.21 10.70 115.93 15.15
44.05 449.48 332.22 69.62 10.67 118.98 15.46
44.23 449.47 332.22 66.58 10.67 128.13 15.46
44.44 448.06 332.19 68.33 10.64 128.13 15.46
44.64 447.94 332.16 70.95 10.61 125.08 15.46
44.84 447.78 332.14 72.93 10.56 118.98 15.46
45.03 447.68 332.11 73.73 10.52 115.93 15.15
45.22 447.47 332.08 75.09 10.48 118.98 15.46
45.41 447.25 332.05 76.33 10.44 115.93 15.46
45.59 447.13 332.05 76.90 10.44 109.83 15.46
45.78 447.13 332.02 75.27 10.40 109.83 15.46
45.97 447.12 331.99 71.59 10.35 106.77 15.46
46.17 447.10 331.95 65.85 10.33 112.88 15.46
46.35 445.74 331.92 65.75 10.30 125.08 15.78
46.54 445.66 331.92 68.88 10.30 122.03 15.78
46.74 445.52 331.89 70.99 10.27 112.88 15.78
46.91 445.44 331.86 71.86 10.25 109.83 15.46
47.11 445.24 331.82 73.39 10.23 112.88 15.78
47.30 445.03 331.78 74.60 10.23 106.77 15.78
47.49 444.82 331.75 75.68 10.24 103.72 15.78
47.68 444.82 331.75 75.08 10.24 100.67 15.78
47.88 444.81 331.71 72.38 10.24 100.67 15.78
48.07 444.80 331.67 67.70 10.26 103.72 15.78
48.24 444.48 331.64 62.48 10.28 112.88 16.10
48.43 443.45 331.61 66.07 10.30 122.03 16.10
48.64 443.32 331.61 68.48 10.30 106.77 16.10
48.83 443.16 331.58 70.18 10.31 109.83 16.10
49.01 442.96 331.55 71.63 10.31 106.77 16.41
49.20 442.86 331.52 72.25 10.33 103.72 16.41
49.40 442.65 331.49 73.43 10.33 103.72 16.41
49.59 442.54 331.46 73.98 10.35 100.67 16.41
49.78 442.54 331.46 72.39 10.35 100.67 16.41
49.98 442.53 331.43 68.83 10.37 100.67 16.41
50.18 442.51 331.40 63.30 10.38 106.77 16.41
50.35 441.22 331.36 63.14 10.40 118.98 16.41
50.55 441.14 331.33 66.11 10.41 115.93 16.73
50.73 441.00 331.33 68.18 10.41 109.83 16.41
50.92 440.83 331.29 69.72 10.43 106.77 16.41
51.12 440.63 331.26 70.99 10.44 103.72 16.73
51.31 440.43 331.22 72.11 10.47 103.72 16.73
51.51 440.32 331.18 72.55 10.49 100.67 16.73
51.70 440.32 331.15 71.00 10.53 100.67 16.73
51.89 440.32 331.15 69.47 10.53 100.67 16.73
52.08 440.31 331.12 64.98 10.56 103.72 16.73
52.27 440.00 331.08 60.00 10.60 112.88 16.73
52.45 438.99 331.05 63.44 10.63 118.98 17.04
52.64 438.88 331.01 65.80 10.68 109.83 17.04
52.83 438.72 331.01 67.47 10.68 109.83 16.73
53.02 438.53 330.98 68.86 10.73 109.83 17.04
53.21 438.33 330.94 70.10 10.78 106.77 17.04
53.41 438.12 330.90 71.23 10.83 103.72 17.04
53.59 438.12 330.86 70.75 10.89 103.72 17.04
53.79 438.12 330.82 68.29 10.95 103.72 17.04
53.96 438.11 330.82 66.37 10.95 106.77 17.04
54.17 438.09 330.79 61.14 11.00 106.77 17.36
54.38 436.82 330.75 61.12 11.04 122.03 17.04
54.56 436.75 330.71 64.07 11.09 118.98 17.04
54.75 436.62 330.68 66.15 11.13 112.88 17.36
54.94 436.45 330.65 67.61 11.16 112.88 17.36
55.12 436.25 330.65 68.92 11.16 112.88 17.36
55.31 436.05 330.61 70.07 11.18 109.83 17.36
55.50 435.95 330.57 70.57 11.23 106.77 17.36
55.68 435.94 330.53 69.16 11.27 106.77 17.36
55.88 435.94 330.50 65.74 11.30 106.77 17.36
56.06 435.93 330.50 63.32 11.30 115.93 17.36
56.25 435.63 330.46 58.53 11.32 118.98 17.36
56.46 434.57 330.43 63.45 11.36 134.23 17.36
56.65 434.51 330.39 64.56 11.40 115.93 17.67
56.84 434.36 330.36 66.36 11.44 118.98 17.67
57.03 434.18 330.32 67.76 11.48 118.98 17.36
57.21 433.97 330.32 68.98 11.48 118.98 17.36
57.40 433.77 330.28 70.15 11.54 115.93 17.36
57.59 433.77 330.25 69.69 11.59 112.88 17.36
57.78 433.76 330.21 67.35 11.64 112.88 17.67
57.97 433.75 330.18 63.13 11.67 118.98 17.67
58.16 433.45 330.18 58.43 11.67 125.08 17.67
58.34 432.47 330.14 60.41 11.71 137.28 17.36
58.54 432.39 330.10 63.42 11.74 128.13 17.67
58.71 432.25 330.07 65.59 11.76 125.08 17.36
58.91 432.07 330.03 67.23 11.78 125.08 17.67
59.10 431.88 330.00 68.62 11.79 122.03 17.67
59.27 431.67 330.00 69.92 11.79 122.03 17.67
59.47 431.56 329.96 70.61 11.79 118.98 17.67
59.66 431.56 329.92 69.35 11.80 122.03 17.36
59.85 431.55 329.88 66.03 11.81 118.98 17.36
60.04 431.53 329.85 60.94 11.82 125.08 17.67
60.23 430.25 329.85 61.08 11.82 140.33 17.67
60.42 430.22 329.81 62.76 11.82 137.28 17.36
60.60 430.10 329.77 65.39 11.84 131.18 17.36
60.80 429.94 329.73 67.38 11.86 131.18 17.36
60.99 429.75 329.70 68.92 11.86 128.13 17.36
61.19 429.55 329.70 70.22 11.86 125.08 17.36
61.38 429.33 329.66 71.48 11.87 122.03 17.36
61.58 429.33 329.62 71.16 11.88 122.03 17.36
61.77 429.32 329.59 68.88 11.88 122.03 17.36
61.96 429.31 329.56 64.70 11.87 125.08 17.04
62.14 429.00 329.52 59.99 11.86 134.23 17.36
62.33 427.95 329.52 63.79 11.86 143.38 17.36
62.52 427.84 329.48 66.41 11.86 131.18 17.36
62.69 427.76 329.45 67.44 11.86 131.18 17.36
62.89 427.59 329.41 69.20 11.86 131.18 17.36
63.08 427.38 329.37 70.65 11.87 128.13 17.36
63.26 427.17 329.37 71.99 11.87 128.13 17.36
63.45 427.06 329.33 72.74 11.88 125.08 17.36
63.65 427.06 329.30 71.47 11.89 125.08 17.04
63.84 427.05 329.26 68.07 11.90 125.08 17.04
64.03 427.03 329.23 62.86 11.90 128.13 17.04
64.21 425.70 329.19 63.01 11.90 140.33 17.04
64.40 425.62 329.19 66.13 11.90 137.28 17.04
64.60 425.56 329.15 67.32 11.91 131.18 17.04
64.78 425.40 329.12 69.31 11.91 128.13 17.04
64.98 425.20 329.08 70.88 11.92 128.13 17.04
65.18 424.99 329.05 72.14 11.92 125.08 17.04
65.38 424.77 329.01 73.34 11.92 125.08 17.04
65.55 424.77 329.01 73.00 11.92 122.03 17.04
65.75 424.77 328.98 70.62 11.91 122.03 17.04
65.94 424.75 328.95 66.25 11.89 125.08 17.04
66.12 424.43 328.91 61.38 11.88 134.23 17.04
66.31 423.38 328.87 65.19 11.87 143.38 17.04
66.51 423.26 328.87 67.83 11.87 131.18 17.04
66.71 423.09 328.83 69.80 11.88 131.18 16.73
66.89 422.99 328.80 70.60 11.87 128.13 17.04
67.08 422.79 328.76 72.12 11.86 128.13 17.04
67.28 422.57 328.73 73.47 11.84 125.08 16.73
67.46 422.47 328.69 74.16 11.84 122.03 16.73
67.65 422.46 328.69 72.82 11.84 122.03 16.73
67.84 422.45 328.66 69.32 11.82 122.03 16.73
68.04 422.43 328.63 63.96 11.79 128.13 16.73
68.21 421.09 328.59 64.07 11.78 137.28 16.73
68.41 421.01 328.56 67.23 11.75 134.23 16.73
68.59 420.86 328.56 69.49 11.75 128.13 17.04
68.78 420.68 328.52 71.20 11.72 125.08 16.73
68.96 420.58 328.49 71.97 11.70 125.08 16.73
69.15 420.37 328.45 73.30 11.68 122.03 16.73
69.35 420.15 328.42 74.46 11.65 118.98 16.73
69.54 420.15 328.42 74.10 11.65 118.98 16.73
69.73 420.15 328.38 71.61 11.64 118.98 16.73
69.92 420.13 328.35 67.15 11.62 118.98 16.73
70.11 419.81 328.31 62.13 11.61 131.18 16.73
70.29 418.73 328.28 65.99 11.59 137.28 16.73
70.48 418.62 328.24 68.60 11.58 125.08 16.73
70.67 418.46 328.24 70.52 11.58 122.03 16.73
70.87 418.27 328.21 72.07 11.57 122.03 16.73
71.06 418.17 328.17 72.76 11.56 118.98 16.41
71.26 417.95 328.14 74.06 11.53 118.98 16.41
71.43 417.84 328.11 74.70 11.51 112.88 16.41
71.62 417.83 328.11 73.27 11.51 112.88 16.41
71.82 417.82 328.07 69.73 11.49 115.93 16.41
72.00 417.80 328.04 64.29 11.46 122.03 16.41
72.19 416.47 328.01 64.30 11.44 131.18 16.41
72.37 416.39 327.97 67.36 11.42 128.13 16.41
72.57 416.25 327.94 69.50 11.41 122.03 16.41
72.75 416.07 327.94 71.15 11.41 118.98 16.73
72.94 415.97 327.90 71.85 11.39 118.98 16.41
73.13 415.76 327.87 73.13 11.37 118.98 16.41
73.33 415.54 327.84 74.32 11.35 112.88 16.41
73.52 415.54 327.80 73.86 11.33 112.88 16.41
73.71 415.54 327.80 71.29 11.33 112.88 16.41
73.90 415.52 327.77 66.74 11.32 115.93 16.41
74.10 415.21 327.74 61.63 11.30 122.03 16.41
74.28 414.17 327.70 65.36 11.29 131.18 16.41
74.47 414.05 327.67 67.93 11.26 118.98 16.41
74.65 413.89 327.67 69.70 11.26 118.98 16.41
74.84 413.69 327.64 71.16 11.24 118.98 16.41
75.02 413.59 327.60 71.82 11.22 115.93 16.41
75.22 413.37 327.57 73.07 11.19 115.93 16.41
75.41 413.26 327.54 73.66 11.16 109.83 16.41
75.60 413.26 327.50 72.19 11.15 109.83 16.41
75.77 413.25 327.50 68.69 11.15 109.83 16.41
75.97 413.23 327.47 63.32 11.14 118.98 16.41
76.18 411.92 327.44 63.30 11.12 131.18 16.41
76.38 411.84 327.40 66.37 11.11 128.13 16.41
76.56 411.70 327.37 68.49 11.10 118.98 16.41
76.75 411.51 327.34 70.15 11.08 115.93 16.41
76.94 411.31 327.34 71.52 11.08 115.93 16.41
77.12 411.21 327.30 72.12 11.07 115.93 16.41
77.31 411.00 327.27 73.38 11.05 112.88 16.41
77.50 411.00 327.24 72.91 11.04 109.83 16.41
77.69 411.00 327.20 70.41 11.02 106.77 16.41
77.88 410.98 327.20 65.98 11.02 112.88 16.41
78.06 410.68 327.17 60.95 11.01 118.98 16.41
78.27 409.64 327.14 64.56 10.98 131.18 16.41
78.47 409.53 327.10 67.02 10.98 118.98 16.41
78.65 409.37 327.07 68.75 10.96 118.98 16.73
78.84 409.18 327.04 70.18 10.95 115.93 16.73
79.04 408.98 327.04 71.35 10.95 112.88 16.41
79.22 408.76 327.00 72.48 10.94 112.88 16.73
79.41 408.76 326.97 72.06 10.93 109.83 16.73
79.59 408.76 326.94 71.07 10.92 109.83 16.73
79.78 408.75 326.90 67.56 10.92 109.83 16.73
79.97 408.73 326.90 62.23 10.92 118.98 16.73
80.16 407.43 326.87 62.21 10.91 128.13 16.73
80.35 407.35 326.83 65.21 10.92 125.08 16.73
80.54 407.21 326.80 67.34 10.92 118.98 16.73
80.72 407.04 326.77 68.99 10.91 118.98 16.73
80.90 406.83 326.77 70.41 10.91 115.93 16.73
81.10 406.63 326.73 71.68 10.92 115.93 16.73
81.27 406.52 326.70 72.23 10.92 112.88 16.73
81.49 406.52 326.67 71.83 10.91 112.88 16.73
81.68 406.52 326.63 69.42 10.92 112.88 16.73
81.87 406.50 326.60 65.06 10.92 112.88 16.73
82.07 406.20 326.60 60.12 10.92 122.03 16.73
82.25 405.18 326.56 63.73 10.93 131.18 16.73
82.44 405.06 326.53 66.20 10.94 122.03 16.73
82.64 404.89 326.50 68.06 10.93 122.03 16.73
82.83 404.70 326.46 69.62 10.95 118.98 17.04
83.03 404.50 326.43 70.90 10.95 118.98 17.04
83.21 404.29 326.43 72.01 10.95 115.93 17.04
83.42 404.29 326.39 71.63 10.96 112.88 17.04
83.61 404.29 326.36 69.17 10.97 109.83 17.04
83.79 404.27 326.33 64.77 10.96 115.93 17.04
83.99 403.96 326.29 59.88 10.97 125.08 17.04
84.18 402.93 326.26 63.60 10.98 134.23 17.04
84.38 402.82 326.26 66.12 10.98 122.03 17.04
84.56 402.74 326.22 67.14 10.99 122.03 17.04
84.75 402.57 326.19 68.84 10.99 122.03 17.04
84.93 402.37 326.15 70.18 11.01 122.03 17.04
85.13 402.16 326.12 71.43 11.02 118.98 17.36
85.30 402.05 326.12 72.09 11.02 115.93 17.04
85.51 402.05 326.08 70.69 11.04 118.98 17.36
85.70 402.04 326.05 67.30 11.05 115.93 17.36
85.89 402.02 326.02 62.07 11.05 122.03 17.36
86.09 400.73 325.98 62.06 11.06 134.23 17.36
86.28 400.65 325.95 65.02 11.08 131.18 17.36
86.48 400.50 325.95 67.17 11.08 125.08 17.36
86.67 400.33 325.92 68.86 11.08 125.08 17.36
86.86 400.14 325.88 70.29 11.09 122.03 17.36
87.04 400.03 325.85 70.95 11.09 118.98 17.36
87.25 399.82 325.81 72.14 11.11 118.98 17.36
87.44 399.82 325.78 71.77 11.11 115.93 17.36
87.62 399.81 325.78 69.33 11.11 115.93 17.36
