10.00 779.04 241.97 22.01 316.30 3.05 9.78
10.20 779.04 241.97 21.13 316.30 393.54 9.78
10.39 779.04 241.98 18.90 0.12 424.05 9.47
10.58 779.04 241.99 15.99 0.18 454.56 14.52
10.78 779.03 242.00 12.61 0.45 485.06 17.36
10.97 778.80 242.00 10.30 0.45 506.42 20.20
11.17 778.59 242.02 12.73 0.68 536.92 22.72
11.36 778.37 242.02 15.57 0.90 552.18 24.93
11.53 778.13 242.02 18.81 0.90 567.43 26.19
11.73 777.88 242.02 22.27 1.10 585.74 28.09
11.94 777.61 242.02 25.89 1.10 600.99 29.67
12.13 777.61 242.02 29.14 1.10 619.29 31.24
12.33 777.60 242.01 31.60 1.29 634.55 32.51
12.51 777.58 241.99 33.23 1.47 652.85 33.45
12.71 777.12 241.96 35.05 1.67 671.16 34.40
12.90 775.55 241.92 43.70 1.89 689.46 35.03
13.08 775.47 241.87 47.82 2.14 689.46 35.35
13.27 775.21 241.87 55.84 2.14 695.56 35.98
13.46 774.87 241.87 63.76 2.36 698.61 35.98
13.64 774.49 241.98 71.73 2.40 701.66 36.29
13.84 774.08 242.38 79.59 1.55 701.66 36.29
14.03 773.65 242.46 87.41 1.04 701.66 36.29
14.22 773.19 242.46 94.89 1.04 704.71 35.98
14.42 772.72 242.37 101.70 0.63 698.61 35.98
14.62 772.24 241.88 107.72 0.39 698.61 35.66
14.80 771.75 241.66 113.16 0.66 698.61 35.66
14.99 770.52 241.52 121.76 1.32 692.51 35.35
15.18 769.97 241.54 130.08 1.53 674.21 35.03
15.36 769.71 241.54 133.98 1.53 658.95 34.71
15.55 769.38 241.58 141.14 1.52 662.00 34.40
15.76 769.11 241.64 146.44 0.80 637.60 34.08
15.95 768.72 241.67 150.48 0.45 631.50 33.77
16.14 768.27 241.65 152.92 0.43 619.29 33.45
16.35 767.78 241.61 153.12 0.78 613.19 32.82
16.54 766.66 241.61 154.22 0.78 610.14 32.82
16.73 766.40 241.56 152.46 1.31 604.04 32.82
16.94 766.00 241.48 155.90 1.94 607.09 32.51
17.13 765.55 241.37 157.61 2.67 588.79 32.19
17.31 764.29 241.23 160.07 4.30 582.69 31.87
17.51 763.70 241.21 163.60 5.12 570.48 31.56
17.70 763.54 241.21 164.96 5.12 555.23 31.56
17.89 763.19 241.20 164.76 5.90 549.13 31.24
18.09 762.77 241.19 163.64 6.66 546.08 31.24
18.28 762.29 241.19 161.93 7.39 539.98 31.24
18.48 761.01 241.18 163.09 8.11 539.98 31.24
18.67 760.48 241.18 163.66 8.11 530.82 30.93
18.86 759.92 241.18 165.34 8.11 524.72 31.24
19.07 759.40 241.15 168.50 8.82 506.42 30.93
19.25 758.85 241.11 171.64 9.47 491.16 31.24
19.44 758.30 241.05 174.38 10.07 478.96 31.24
19.62 758.04 240.98 175.11 10.69 460.66 31.24
19.84 757.51 240.91 175.45 11.31 454.56 31.56
20.01 757.19 240.91 174.59 11.31 439.30 31.56
20.21 756.93 240.84 171.53 11.94 433.20 31.87
20.40 756.55 240.78 169.15 12.56 433.20 31.87
20.59 756.12 240.74 166.96 13.06 430.15 32.51
20.77 755.64 240.70 163.50 13.46 427.10 32.51
20.96 755.15 240.70 159.28 13.46 430.15 32.82
21.15 754.10 240.67 157.36 13.81 433.20 33.14
21.33 753.85 240.63 157.45 14.16 430.15 33.45
21.52 753.68 240.59 157.26 14.49 427.10 33.77
21.70 753.29 240.55 155.31 14.83 424.05 34.40
21.90 752.86 240.55 151.93 14.83 424.05 35.03
22.09 752.39 240.50 147.85 15.13 430.15 35.35
22.28 751.92 240.46 143.25 15.25 436.25 35.98
22.48 751.44 240.41 142.17 14.90 445.40 36.29
22.66 750.19 240.36 143.02 14.50 445.40 36.92
22.85 750.04 240.31 144.67 13.95 445.40 37.56
23.04 749.75 240.31 145.27 13.95 442.35 37.87
23.24 749.36 240.26 145.67 13.45 439.30 38.50
23.43 748.93 240.21 146.27 13.02 439.30 39.13
23.61 748.72 240.15 146.63 13.00 439.30 40.08
23.81 748.25 240.09 147.52 13.23 439.30 40.71
24.01 747.78 240.04 148.30 13.64 439.30 41.34
24.19 747.31 240.04 147.83 13.64 436.25 41.97
24.39 746.83 239.98 146.70 14.03 436.25 42.60
24.57 746.35 239.92 145.22 14.37 442.35 43.24
24.76 745.88 239.85 143.63 14.65 442.35 44.18
24.94 745.39 239.79 142.02 14.83 448.45 44.50
25.15 744.91 239.79 143.46 14.83 457.61 45.13
25.34 744.44 239.73 143.85 14.92 454.56 45.76
25.52 743.96 239.66 143.66 15.01 457.61 46.71
25.70 743.47 239.59 143.17 15.10 457.61 47.34
25.90 743.23 239.53 142.88 15.21 460.66 47.65
26.09 742.76 239.53 142.18 15.21 460.66 48.60
26.27 742.28 239.47 141.31 15.36 466.76 49.23
26.46 741.05 239.40 142.13 15.61 469.81 50.18
26.65 740.89 239.32 145.04 15.99 469.81 50.18
26.84 740.59 239.25 147.76 16.42 466.76 50.81
27.02 740.21 239.25 148.77 16.42 463.71 51.44
27.21 739.79 239.17 149.12 16.85 466.76 52.07
27.42 739.33 239.09 149.04 17.28 466.76 52.39
27.60 738.87 239.00 148.82 17.70 466.76 53.02
27.78 738.63 238.92 148.63 18.09 466.76 53.33
27.98 738.15 238.84 148.28 18.45 469.81 53.97
28.17 737.67 238.84 147.81 18.45 469.81 54.28
28.37 737.19 238.76 147.32 18.74 469.81 54.60
28.55 736.70 238.68 146.84 19.01 472.86 54.91
28.74 735.48 238.59 147.78 19.32 472.86 55.23
28.93 735.31 238.51 149.20 19.67 475.91 55.86
29.13 735.00 238.51 149.46 19.67 475.91 56.18
29.34 734.61 238.43 148.97 20.04 475.91 56.49
29.52 734.18 238.35 148.20 20.46 475.91 56.81
29.71 733.73 238.27 147.30 20.89 478.96 57.12
29.89 733.26 238.18 146.37 21.32 478.96 57.44
30.08 732.05 238.10 146.76 21.74 485.06 57.44
30.28 731.88 238.10 147.49 21.74 485.06 57.75
30.47 731.57 238.02 150.19 22.14 485.06 57.75
30.67 731.40 237.07 150.86 23.91 482.01 58.07
30.86 730.97 236.43 151.33 25.82 482.01 58.38
31.05 730.53 235.50 151.05 30.86 482.01 58.07
31.23 730.06 235.42 150.48 35.88 482.01 58.07
31.43 729.58 235.42 149.52 35.88 485.06 58.07
31.62 729.09 235.44 148.38 38.09 488.11 57.75
31.80 728.60 235.43 147.33 40.12 491.16 57.75
32.00 727.56 235.37 148.96 42.03 494.21 57.44
32.17 727.30 235.28 149.00 43.86 491.16 57.12
32.36 726.94 235.28 148.25 43.86 491.16 56.81
32.55 726.74 234.74 147.71 47.79 494.21 56.49
32.74 726.30 234.26 147.93 52.42 494.21 55.86
32.94 725.83 234.16 148.76 54.77 497.27 55.23
33.13 725.35 234.14 148.78 56.91 497.27 54.60
33.32 724.86 234.16 148.28 58.74 494.21 53.65
33.51 723.62 234.16 149.06 58.74 500.32 53.02
33.69 723.12 234.18 151.19 60.23 503.37 51.76
33.89 722.80 234.17 152.61 61.42 497.27 50.81
34.06 722.54 234.16 154.03 62.28 497.27 49.55
34.26 722.18 234.16 155.27 62.79 497.27 47.97
34.44 721.97 234.16 155.41 62.79 494.21 47.34
34.63 721.53 234.13 155.04 62.98 494.21 45.76
34.82 721.07 234.09 154.03 62.87 494.21 44.18
35.01 720.58 234.07 152.79 62.40 494.21 42.29
35.20 720.09 234.08 151.47 61.54 500.32 40.71
35.40 718.84 234.08 153.14 61.54 500.32 39.45
35.60 718.67 234.10 153.22 60.29 494.21 37.87
35.78 718.35 234.09 152.24 58.71 497.27 36.61
35.98 717.95 234.07 153.65 56.79 497.27 35.35
36.16 717.50 234.07 153.43 56.79 497.27 34.08
36.35 717.03 233.96 152.52 54.39 497.27 33.45
36.53 716.54 233.46 151.24 52.68 497.27 32.51
36.72 715.55 233.18 152.08 49.49 503.37 31.24
36.91 715.23 233.27 153.09 47.56 503.37 30.30
37.12 714.98 233.30 152.42 45.29 497.27 29.03
37.32 714.61 233.32 150.79 42.72 500.32 28.09
37.51 714.18 233.30 150.35 39.95 500.32 26.83
37.70 713.71 233.30 151.58 39.95 503.37 26.19
37.89 713.23 233.35 152.69 36.90 503.37 25.25
38.08 712.00 233.42 154.36 33.60 503.37 24.30
38.28 711.50 233.47 156.57 30.10 500.32 23.67
38.47 710.99 233.52 158.11 26.50 494.21 22.72
38.67 710.48 233.52 159.24 26.50 494.21 22.09
38.85 709.96 233.55 159.85 23.70 491.16 21.46
39.04 709.45 233.56 160.10 21.54 491.16 20.83
39.22 709.13 233.55 161.27 20.00 491.16 20.20
39.41 709.02 233.51 162.17 18.84 485.06 19.57
39.60 708.71 233.51 162.16 18.84 482.01 18.94
39.79 708.31 233.51 160.72 17.78 482.01 18.30
39.97 707.86 233.51 158.34 16.54 485.06 17.67
40.16 707.38 233.54 155.44 15.12 485.06 17.36
40.36 706.89 233.61 152.39 13.52 488.11 17.04
40.56 705.66 233.63 152.35 11.88 491.16 16.73
40.74 705.15 233.63 155.51 11.88 491.16 16.73
40.93 704.63 233.64 157.36 10.26 485.06 16.41
41.11 704.46 233.64 156.91 8.75 482.01 16.73
41.30 704.14 233.65 154.90 7.65 482.01 16.73
41.48 703.96 233.72 153.53 6.70 485.06 17.04
41.68 703.53 233.72 150.25 6.70 488.11 17.67
41.87 703.07 233.78 146.50 5.95 494.21 17.99
42.06 702.60 233.81 144.33 5.27 500.32 18.30
42.24 702.11 233.84 143.92 4.55 500.32 18.94
42.42 700.86 233.85 145.48 3.77 503.37 19.88
42.64 700.35 233.89 148.80 2.90 503.37 20.20
42.83 700.04 233.89 151.84 2.90 500.32 21.14
43.02 699.78 233.86 153.72 2.06 494.21 22.09
43.21 699.42 233.86 154.50 1.23 494.21 23.35
43.40 698.99 233.90 153.82 0.32 494.21 24.30
43.60 698.53 233.94 152.21 0.60 494.21 25.56
43.78 698.29 233.94 151.24 0.60 497.27 26.51
43.98 697.80 233.97 148.99 1.52 500.32 27.77
44.18 697.31 234.05 146.58 2.51 503.37 29.35
44.36 696.05 234.11 147.37 3.58 506.42 30.61
44.56 695.88 234.22 150.00 4.79 503.37 31.87
44.73 695.55 234.68 151.89 8.21 503.37 32.51
44.93 695.15 234.68 153.49 8.21 497.27 33.77
45.12 694.69 234.58 153.81 10.43 500.32 35.03
45.30 694.20 234.53 153.25 10.80 500.32 36.29
45.49 693.19 234.46 154.82 10.91 500.32 37.56
45.67 692.92 234.44 154.64 11.05 497.27 39.13
45.87 692.75 234.44 154.02 11.05 497.27 40.40
46.06 692.34 234.43 152.39 11.15 500.32 41.66
46.26 691.89 234.40 150.36 11.17 503.37 42.60
46.44 691.42 234.37 149.76 11.05 503.37 43.24
46.64 690.19 234.33 152.64 10.87 506.42 44.50
46.83 689.68 234.29 156.89 10.67 503.37 45.76
47.02 689.17 234.29 159.63 10.67 494.21 47.02
47.22 688.66 234.25 161.32 10.42 491.16 47.97
47.41 688.48 234.20 161.26 10.11 488.11 48.92
47.60 688.16 234.15 159.73 9.73 488.11 50.18
47.78 687.76 234.09 157.55 9.24 491.16 51.13
47.98 687.31 234.09 154.94 9.24 491.16 52.07
48.15 687.07 234.03 153.53 8.60 494.21 52.70
48.35 686.59 233.96 154.19 7.78 494.21 53.33
48.54 686.11 233.89 153.78 6.83 494.21 54.28
48.72 685.80 233.86 151.80 5.80 494.21 54.91
48.91 684.60 234.10 150.94 5.10 494.21 56.18
49.11 684.25 235.55 150.79 6.35 497.27 56.81
49.30 684.19 236.54 148.27 10.41 500.32 57.75
49.50 683.50 236.53 148.69 12.45 506.42 58.38
49.67 681.44 236.27 155.85 14.02 509.47 59.02
49.86 681.34 234.11 159.49 12.53 485.06 59.65
50.07 681.08 233.46 160.99 10.62 488.11 60.28
50.25 680.75 233.25 161.03 6.49 485.06 60.59
50.44 680.37 233.22 159.98 4.34 488.11 61.22
50.63 680.17 233.22 160.80 4.34 485.06 61.86
50.82 679.72 233.18 162.57 2.05 485.06 62.49
51.00 679.28 233.12 163.98 0.37 478.96 63.12
51.19 678.79 233.05 165.34 2.84 478.96 63.75
51.38 678.33 232.96 165.57 5.36 469.81 64.38
51.59 677.83 232.85 164.40 7.95 469.81 64.70
51.78 676.83 232.65 165.30 10.60 469.81 65.01
51.97 676.56 232.37 164.27 15.84 466.76 65.64
52.17 676.22 232.32 162.03 17.71 466.76 65.96
52.36 675.80 232.29 159.07 19.55 466.76 66.27
52.55 675.35 232.24 155.15 21.14 469.81 66.27
52.73 674.90 232.24 150.26 21.14 478.96 66.91
52.93 674.41 232.18 148.49 23.04 485.06 66.91
53.14 673.94 232.11 145.10 25.05 485.06 67.22
53.33 674.37 232.02 137.60 27.13 494.21 67.22
53.52 684.47 232.49 97.36 28.30 515.57 67.54
53.70 686.48 241.95 70.72 7.32 686.41 67.54
53.90 683.53 249.67 27.54 17.06 716.92 68.17
54.10 680.31 257.23 1.89 80.85 845.05 67.85
54.29 676.84 256.93 5.34 144.71 878.60 66.27
54.47 676.29 254.64 10.49 169.61 869.45 64.70
54.68 675.57 256.12 10.53 217.59 881.65 62.49
54.87 675.34 253.55 9.59 255.47 896.91 60.59
55.04 675.01 251.59 7.07 267.51 912.16 59.65
55.24 673.08 252.62 1.20 291.69 933.52 57.75
55.43 669.90 256.57 23.63 329.41 954.87 55.86
55.62 668.95 256.59 53.86 350.53 945.72 54.28
55.80 668.93 256.31 68.84 368.47 927.42 52.70
55.99 668.70 248.36 97.60 370.47 936.57 50.81
56.17 667.03 240.03 128.94 349.15 903.01 49.23
56.37 666.83 239.89 161.86 333.63 860.30 47.97
56.58 666.68 243.96 193.40 309.46 805.39 46.71
56.77 666.33 247.27 224.39 287.47 747.42 45.45
56.97 664.07 249.61 260.19 264.42 619.29 44.18
57.16 664.40 250.15 297.05 250.16 478.96 42.92
57.35 666.24 248.15 321.43 207.78 463.71 42.29
57.54 666.47 244.85 300.30 138.19 448.45 41.34
57.74 664.07 244.15 261.55 94.67 433.20 40.08
57.92 662.29 242.34 239.18 5.97 491.16 39.13
58.11 662.16 235.48 228.40 137.42 485.06 40.08
58.32 662.37 233.06 218.02 210.37 472.86 38.50
58.50 670.46 234.67 185.57 315.53 472.86 37.56
58.69 670.39 235.72 135.12 352.95 604.04 36.29
58.88 667.44 235.30 116.71 356.99 744.37 35.35
59.07 667.84 235.28 77.31 355.02 738.27 34.40
59.25 670.73 235.18 28.94 353.61 845.05 33.45
59.45 672.55 235.34 15.45 353.34 930.47 33.14
59.64 669.18 242.95 42.19 312.89 933.52 31.87
59.84 669.00 244.72 61.68 283.93 903.01 31.24
60.02 665.07 245.71 69.41 234.08 899.96 30.30
60.21 661.37 247.97 49.16 176.86 909.11 29.35
60.40 662.00 249.07 28.51 139.84 948.77 28.40
60.59 661.37 250.30 10.57 45.64 976.23 27.77
60.78 651.15 250.35 46.43 1.49 997.58 28.72
60.98 648.32 250.35 120.71 1.49 967.07 29.03
61.18 647.83 239.08 191.64 18.21 842.00 27.77
61.36 647.77 237.26 221.20 18.87 677.26 26.83
61.55 646.12 239.91 276.31 26.42 662.00 26.51
61.74 645.16 247.16 336.27 4.81 515.57 25.56
61.92 645.15 245.49 399.86 10.54 497.27 24.93
62.11 645.02 229.62 458.70 0.13 482.01 23.98
62.30 644.80 222.33 509.31 39.37 469.81 23.35
62.50 644.50 221.58 531.98 62.14 457.61 22.41
62.69 644.13 221.40 526.94 110.83 439.30 21.78
62.88 643.72 221.43 527.64 135.05 436.25 21.14
63.07 643.27 221.43 512.73 135.05 424.05 20.51
63.27 642.79 221.48 474.81 157.79 414.90 19.57
63.46 642.30 221.53 423.13 181.08 402.69 19.25
63.65 641.31 221.59 401.70 207.68 393.54 18.94
63.84 640.94 221.68 351.41 239.68 384.39 18.30
64.02 640.83 221.68 299.69 239.68 372.19 17.36
64.22 641.09 221.77 259.19 273.39 366.08 17.04
64.40 640.67 222.27 211.58 328.06 356.93 16.41
64.59 637.63 222.50 166.30 349.05 347.78 16.10
64.77 637.70 222.59 154.09 368.37 344.73 15.46
64.96 637.69 222.56 149.97 386.17 335.58 15.15
65.15 637.48 222.51 150.53 401.62 326.43 14.83
65.34 637.17 222.48 147.73 412.74 320.32 14.52
65.53 636.98 222.48 148.62 412.74 311.17 13.89
65.73 636.58 222.45 152.07 418.76 305.07 13.57
65.91 636.13 222.43 154.68 414.76 298.97 12.94
66.10 635.69 222.42 155.51 404.05 289.82 12.94
66.28 635.23 222.45 154.96 388.85 283.72 12.31
66.47 634.76 222.45 153.58 388.85 283.72 11.99
66.68 634.30 222.49 151.44 371.21 274.56 11.36
66.87 633.83 222.51 148.73 352.05 268.46 11.05
67.05 633.38 222.56 145.65 329.53 262.36 10.73
67.24 632.93 222.71 142.28 304.71 259.31 10.41
67.42 632.70 223.53 140.51 248.68 250.16 10.41
67.61 632.25 223.79 138.67 218.89 244.06 9.78
67.81 631.80 224.43 138.52 159.77 241.01 9.78
67.98 631.35 225.03 136.76 142.17 234.90 9.78
68.18 630.91 225.39 131.60 109.11 225.75 9.47
68.36 630.48 225.29 124.67 88.44 225.75 9.47
68.55 630.05 224.62 129.00 62.31 231.85 8.84
68.74 629.62 223.95 132.92 0.33 216.60 8.84
68.92 629.20 223.84 134.85 21.30 210.50 10.41
69.11 628.99 223.82 135.34 32.48 204.40 10.73
69.31 628.56 223.81 135.66 36.65 201.35 10.73
69.50 628.14 223.81 135.44 37.42 195.25 10.73
69.69 627.74 223.82 134.76 36.87 192.19 10.73
69.88 627.32 223.83 133.99 35.79 189.14 10.41
70.08 626.93 223.83 132.97 35.79 192.19 10.10
70.28 626.52 223.83 131.75 35.79 192.19 9.78
70.48 626.12 223.84 130.64 34.26 195.25 9.15
70.66 625.73 223.84 129.56 32.47 201.35 8.84
70.86 625.34 223.84 128.47 30.50 204.40 8.52
71.05 624.96 223.84 127.28 28.35 213.55 8.21
71.24 624.59 223.84 126.08 28.35 219.65 8.21
71.43 624.20 223.84 124.94 26.07 225.75 7.57
71.61 623.82 223.84 123.81 26.07 237.96 7.57
71.80 623.45 223.85 122.65 23.56 247.11 7.26
72.00 623.26 223.86 122.12 21.08 256.26 7.26
72.18 622.88 223.86 121.10 21.08 259.31 6.63
72.38 622.51 223.87 120.13 18.79 268.46 6.31
72.57 622.13 223.89 119.18 16.98 277.61 6.31
72.76 621.76 223.92 118.20 15.52 289.82 6.31
72.95 621.39 223.94 117.35 14.18 298.97 6.00
73.12 621.02 223.94 116.63 14.18 308.12 6.00
73.32 620.65 223.95 115.90 12.74 317.27 5.68
73.51 620.27 223.96 115.35 11.19 326.43 5.37
73.71 619.90 223.99 114.81 9.60 338.63 5.37
73.89 619.53 224.01 114.35 7.95 350.83 5.05
74.10 619.15 224.02 113.98 6.26 359.98 5.05
74.29 618.77 224.02 113.66 6.26 369.14 4.73
74.47 618.59 224.04 113.53 4.58 375.24 5.05
74.66 618.20 224.05 113.46 2.93 384.39 4.42
74.85 617.82 224.05 113.44 2.93 393.54 4.42
75.03 617.43 224.06 113.49 1.35 399.64 4.42
75.22 617.04 224.10 113.59 0.15 411.85 4.42
75.41 616.64 224.10 113.80 0.15 417.95 4.42
75.61 616.25 224.14 114.08 1.50 427.10 4.42
75.78 615.85 224.18 114.46 2.64 436.25 4.73
75.97 615.44 224.20 115.05 3.22 442.35 5.05
76.17 615.24 224.22 115.28 3.55 445.40 5.37
76.34 614.83 224.22 115.90 3.55 457.61 5.37
76.54 614.42 224.25 116.60 3.61 463.71 6.00
76.72 614.01 224.26 117.32 3.50 469.81 6.31
76.92 613.58 224.26 118.16 2.97 472.86 6.94
77.11 613.16 224.25 119.00 1.84 478.96 7.57
77.30 612.74 224.25 119.82 1.84 485.06 8.21
77.50 612.31 224.26 120.73 0.27 488.11 9.47
77.71 611.87 224.26 121.73 0.27 494.21 10.10
77.89 611.43 224.25 122.72 1.30 497.27 10.73
78.09 610.99 224.23 123.76 2.77 506.42 11.99
78.28 610.54 224.21 124.72 3.56 512.52 12.62
78.48 610.09 224.21 125.78 3.56 512.52 13.57
78.66 609.64 224.18 126.92 3.97 509.47 14.20
78.85 609.41 224.14 127.47 4.01 518.62 14.83
79.03 608.95 224.12 128.61 3.92 521.67 15.78
79.22 608.49 224.12 129.70 3.80 518.62 17.04
79.42 608.03 224.15 130.81 3.69 527.77 18.30
79.61 607.56 224.15 131.93 3.69 527.77 19.25
79.81 607.10 224.24 132.88 3.66 530.82 20.20
79.99 606.62 224.49 133.97 3.95 533.87 21.46
80.18 606.15 224.56 135.06 4.21 533.87 22.72
80.37 605.67 224.64 136.03 4.51 533.87 23.98
80.56 605.19 224.64 137.07 4.51 536.92 24.93
80.75 604.71 224.64 138.07 4.78 539.98 25.88
80.95 604.23 224.63 139.00 5.00 536.92 26.83
81.13 603.98 224.62 139.47 5.17 543.03 28.09
81.32 603.49 224.61 140.30 5.28 539.98 29.03
81.51 603.00 224.61 141.18 5.28 543.03 30.30
81.70 601.76 224.61 143.68 5.28 543.03 31.56
81.89 601.60 224.59 146.47 5.32 539.98 32.82
82.06 601.29 224.58 148.02 5.33 536.92 33.77
82.25 600.90 224.60 148.84 5.34 533.87 34.71
82.44 600.43 224.53 149.32 5.27 536.92 35.66
82.63 598.35 224.53 156.22 5.27 539.98 36.61
82.82 598.31 223.76 159.14 4.04 515.57 37.56
83.00 598.12 223.57 163.45 2.93 512.52 38.82
83.19 597.81 223.46 166.26 0.61 503.37 40.08
83.37 597.45 223.48 167.87 0.48 503.37 41.03
83.57 597.04 223.48 168.61 0.48 497.27 42.29
83.77 596.60 223.50 168.58 1.52 494.21 43.24
83.95 596.15 223.52 167.99 2.55 488.11 43.87
84.14 595.69 223.54 166.96 3.50 491.16 45.13
84.34 595.21 223.56 165.48 4.37 485.06 46.39
84.53 594.73 223.53 163.62 5.20 488.11 47.02
84.72 594.25 223.53 161.33 5.20 485.06 47.65
84.91 594.01 223.45 160.04 6.06 485.06 48.92
85.10 592.79 223.35 159.03 6.98 482.01 49.55
85.30 592.62 223.00 157.73 9.29 485.06 50.49
85.50 592.31 222.82 155.06 11.90 482.01 51.13
85.68 591.89 222.82 153.35 11.90 488.11 52.07
85.87 584.67 222.80 168.30 13.21 488.11 52.70
86.05 589.77 222.77 173.53 14.49 427.10 53.02
86.24 589.16 222.74 173.52 15.66 424.05 53.65
86.43 588.98 222.70 170.59 16.81 427.10 54.28
86.61 588.71 222.70 173.07 16.81 430.15 54.60
86.81 588.36 222.65 173.99 17.95 417.95 55.23
87.00 587.95 222.59 173.35 19.12 414.90 55.54
87.20 587.73 222.52 172.55 20.31 411.85 56.18
87.38 587.29 222.45 170.26 21.51 408.79 56.49
87.57 586.83 222.37 167.12 22.69 408.79 56.81
87.78 586.38 222.37 163.42 22.69 414.90 56.81
87.97 585.92 222.29 159.17 23.79 414.90 57.12
88.16 585.47 222.21 154.48 24.69 417.95 57.12
88.35 585.00 222.12 149.34 25.41 427.10 57.12
88.53 584.53 222.03 143.90 25.94 433.20 57.44
88.73 584.08 221.95 138.12 26.34 445.40 57.12
88.91 583.61 221.95 132.11 26.34 457.61 57.12
89.10 583.15 221.86 128.74 26.55 472.86 57.12
89.31 582.68 221.76 124.06 26.68 482.01 57.12
89.50 582.22 221.66 118.61 26.74 497.27 56.81
89.70 581.75 221.55 114.29 26.74 515.57 56.81
89.89 581.28 221.24 132.48 26.78 533.87 56.49
90.08 580.80 221.05 135.17 26.84 488.11 56.18
90.28 580.57 221.00 136.55 26.70 500.32 55.86
90.45 580.11 220.97 138.36 26.45 503.37 55.86
90.65 579.64 220.98 139.48 26.18 506.42 55.23
90.85 579.15 220.97 140.27 26.48 506.42 54.91
91.04 578.68 220.97 140.73 26.48 503.37 54.91
91.23 578.19 220.94 141.19 26.93 509.47 54.28
91.40 577.71 220.91 141.54 27.48 506.42 53.97
91.60 577.22 220.87 142.02 27.90 515.57 53.65
91.80 576.74 220.81 142.45 28.17 515.57 53.33
92.00 576.25 220.73 142.86 28.31 515.57 52.70
92.17 575.02 220.73 144.99 28.31 518.62 52.39
92.37 574.96 220.66 146.38 28.29 509.47 52.07
92.55 574.71 220.59 148.17 28.14 515.57 51.44
92.75 574.35 220.52 149.26 27.82 509.47 51.44
92.94 573.94 220.44 149.68 27.44 515.57 50.81
93.13 573.48 220.44 149.79 27.44 515.57 50.49
93.32 573.00 220.37 149.86 27.03 515.57 50.18
93.52 571.78 220.27 151.54 26.65 518.62 49.86
93.71 571.45 220.17 154.19 26.54 509.47 49.23
93.90 571.20 219.84 155.19 27.22 506.42 48.60
94.10 570.84 219.67 155.46 28.29 503.37 48.60
94.28 570.42 219.67 154.93 28.29 509.47 47.97
94.47 569.97 219.65 154.16 28.62 506.42 47.97
94.67 569.49 219.62 153.23 28.81 506.42 47.34
94.84 569.24 219.58 152.77 28.87 506.42 47.34
95.04 568.00 219.52 154.83 28.83 509.47 47.02
95.25 567.69 219.46 156.28 28.72 500.32 46.39
95.45 567.26 219.46 155.55 28.72 506.42 46.39
95.63 567.07 219.38 154.93 28.58 503.37 46.08
95.82 566.65 219.30 153.25 28.40 503.37 45.76
96.02 566.18 219.22 151.24 28.21 506.42 45.45
96.21 565.70 219.14 150.84 27.99 512.52 45.13
96.40 565.22 219.14 151.08 27.99 509.47 44.81
96.61 563.99 219.06 152.16 27.75 506.42 44.50
96.80 563.45 218.99 154.16 27.49 512.52 44.50
96.99 563.12 218.91 155.09 27.23 506.42 44.18
97.18 562.87 218.83 154.36 26.94 500.32 44.18
97.38 562.51 218.75 152.62 26.67 506.42 44.18
97.57 562.09 218.68 153.96 26.41 512.52 43.87
97.77 561.64 218.68 154.04 26.41 503.37 43.87
97.96 561.16 218.60 153.01 26.16 500.32 43.24
98.14 559.91 218.52 153.13 25.94 509.47 43.55
98.33 559.40 218.45 154.43 25.88 506.42 43.24
98.54 558.89 218.37 155.24 25.94 500.32 43.24
98.72 558.64 218.37 155.39 25.94 500.32 42.92
98.91 558.13 218.29 157.21 26.21 500.32 43.24
99.09 557.81 218.22 160.43 26.50 497.27 42.92
99.29 557.55 218.14 161.18 26.73 485.06 42.92
99.48 557.18 218.07 160.13 26.84 485.06 42.92
99.68 556.76 217.99 158.15 26.87 485.06 42.92
99.87 556.30 217.99 155.58 26.87 488.11 42.92
100.06 555.82 217.92 152.77 26.82 491.16 42.92
100.26 555.32 217.85 149.65 26.70 494.21 42.92
100.44 554.08 217.77 149.67 26.53 500.32 43.24
100.64 553.56 217.70 153.08 26.31 497.27 42.92
100.81 553.39 217.70 155.38 26.31 491.16 42.92
101.01 553.25 217.62 155.68 26.09 488.11 43.24
101.20 552.89 217.55 155.01 25.84 488.11 43.24
101.38 552.46 217.48 153.26 25.57 488.11 43.24
101.57 552.00 217.40 150.88 25.28 494.21 43.24
101.76 551.52 217.33 147.92 25.00 497.27 43.55
101.96 550.27 217.33 146.42 25.00 500.32 43.87
102.14 549.96 217.26 147.63 24.69 503.37 43.55
102.34 549.70 217.18 149.37 24.40 503.37 43.87
102.54 549.33 217.11 150.49 24.13 500.32 44.18
102.72 548.92 217.03 151.38 24.06 500.32 44.18
102.92 548.46 217.03 152.45 24.06 500.32 44.18
103.11 547.97 216.96 152.47 24.08 497.27 44.50
103.30 546.73 216.88 154.77 24.23 497.27 44.50
103.49 546.67 216.80 155.13 24.39 494.21 44.50
103.70 546.24 216.73 154.02 24.48 494.21 45.13
103.90 545.83 216.64 152.28 24.55 494.21 45.13
104.09 545.61 216.51 151.09 24.63 497.27 45.13
104.28 545.16 216.34 148.58 24.84 497.27 45.13
104.47 544.69 216.27 149.41 25.06 503.37 45.45
104.66 544.20 216.17 150.59 25.30 503.37 45.76
104.85 543.14 216.12 153.69 25.51 503.37 45.76
105.05 542.88 216.05 154.27 25.69 494.21 45.76
105.24 542.51 216.05 153.60 25.69 497.27 45.76
105.44 542.09 215.61 152.27 26.48 497.27 46.08
105.63 541.63 215.43 150.38 27.75 497.27 46.39
105.82 541.14 215.43 148.20 27.75 503.37 46.39
106.01 539.91 216.03 151.29 27.89 506.42 46.71
106.20 539.41 216.11 154.78 27.52 503.37 46.71
106.40 538.88 216.19 157.18 26.96 497.27 46.71
106.58 538.57 216.12 158.31 26.41 494.21 46.71
106.78 538.31 216.00 157.71 25.90 494.21 47.02
106.96 538.14 215.58 156.94 25.88 494.21 46.71
107.14 537.73 215.36 154.94 26.10 494.21 47.02
107.34 537.29 215.36 156.06 26.10 494.21 47.02
107.53 536.82 215.37 155.86 26.12 494.21 47.02
107.73 536.33 215.36 154.84 26.05 494.21 47.02
107.92 535.09 215.32 155.01 25.92 494.21 47.02
108.12 534.57 215.25 156.37 25.77 494.21 47.34
108.32 534.07 215.15 157.10 25.64 494.21 47.34
108.52 533.76 214.79 157.02 26.05 494.21 47.34
108.72 533.51 214.69 157.12 26.35 494.21 47.34
108.90 533.14 214.91 156.94 26.20 491.16 47.34
109.09 532.71 214.91 155.46 26.20 494.21 47.65
109.28 532.24 214.93 153.33 25.88 491.16 47.34
109.48 531.76 214.89 150.87 25.50 497.27 47.65
109.67 531.28 214.84 147.89 25.06 497.27 47.65
109.87 530.03 214.79 146.56 24.56 506.42 47.34
110.07 529.51 214.76 150.26 23.97 503.37 47.34
110.26 528.99 214.76 153.88 23.97 500.32 47.65
110.44 528.74 214.74 155.79 23.31 491.16 47.65
110.64 528.57 214.76 157.98 22.50 494.21 47.34
110.81 528.26 214.78 157.91 21.55 491.16 47.65
111.01 527.86 214.74 156.53 20.62 491.16 47.65
111.22 527.41 214.63 154.40 19.79 494.21 47.65
111.40 526.93 214.22 151.90 19.63 497.27 47.65
111.60 526.45 213.90 148.94 20.22 500.32 47.65
111.78 525.21 213.86 147.56 20.71 503.37 47.65
111.98 524.67 213.84 151.23 21.16 506.42 47.65
112.16 524.51 213.81 153.86 21.53 497.27 47.97
112.36 524.20 213.81 155.60 21.53 497.27 47.97
112.56 523.80 213.77 155.81 21.84 497.27 47.97
112.75 523.35 213.72 154.80 22.18 494.21 47.97
112.95 522.88 213.66 153.09 22.92 497.27 47.97
113.14 522.39 213.59 150.85 23.87 503.37 47.97
113.34 521.15 213.51 150.19 24.83 503.37 47.97
113.55 520.82 213.43 150.43 25.54 500.32 48.29
113.74 520.56 213.43 148.92 25.54 503.37 48.60
113.95 520.20 213.35 150.12 25.51 506.42 48.29
114.15 519.78 213.27 151.29 25.30 512.52 48.29
114.34 519.32 213.19 152.66 24.86 506.42 48.60
114.53 518.83 213.10 152.84 24.42 506.42 48.29
114.73 518.34 213.02 152.11 24.04 500.32 48.60
114.91 517.34 213.02 153.26 24.04 503.37 48.60
115.10 516.83 212.94 155.04 24.16 503.37 48.60
115.30 516.32 212.86 156.18 24.42 500.32 48.60
115.49 515.81 212.78 156.87 24.75 500.32 48.60
115.68 515.64 212.70 155.92 24.98 503.37 48.60
115.87 515.32 212.61 157.27 25.12 500.32 48.92
116.07 514.92 212.61 158.11 25.12 497.27 48.60
116.25 514.47 212.53 157.51 25.21 497.27 48.60
116.45 514.00 212.45 156.10 25.29 494.21 48.92
116.63 513.51 212.37 154.10 25.41 497.27 48.92
116.81 512.26 212.29 153.63 25.79 503.37 48.92
117.01 512.00 212.29 154.03 25.79 503.37 48.92
117.20 511.48 212.20 154.58 26.29 503.37 48.92
117.40 510.98 212.12 156.52 26.88 500.32 48.92
117.58 510.47 212.04 159.70 27.24 494.21 48.92
117.77 509.96 211.96 161.37 27.47 491.16 48.92
117.97 509.64 211.87 161.72 27.59 488.11 48.92
118.15 509.39 211.87 160.03 27.59 488.11 48.92
118.35 509.02 211.79 157.36 27.66 488.11 48.92
118.55 508.59 211.71 153.93 27.69 491.16 48.92
118.74 508.12 211.63 150.14 27.67 497.27 48.92
118.92 507.65 211.54 149.84 27.58 503.37 48.92
119.12 507.15 211.46 149.79 27.42 503.37 48.92
119.33 506.09 211.46 152.88 27.42 503.37 48.92
119.53 505.83 211.38 154.34 27.12 497.27 48.92
119.72 505.46 211.30 153.66 26.69 497.27 48.92
119.92 505.03 211.21 151.98 26.21 497.27 48.92
120.12 504.57 211.13 149.60 25.75 500.32 48.92
120.31 504.09 211.05 146.88 25.69 506.42 48.60
120.51 503.60 210.96 143.91 25.79 509.47 48.60
120.69 502.36 210.96 144.02 25.79 512.52 48.92
120.89 501.83 210.88 147.54 26.03 515.57 48.60
121.08 501.33 210.80 151.11 26.28 512.52 48.60
121.27 501.26 210.72 152.44 26.47 512.52 48.92
121.46 501.01 210.64 154.35 26.60 506.42 48.92
121.65 500.64 210.64 155.72 26.60 503.37 48.60
121.84 500.21 210.55 156.98 26.70 500.32 48.60
122.03 499.74 210.47 156.99 26.76 500.32 48.60
122.23 499.26 210.39 156.04 26.78 503.37 48.60
122.43 498.76 210.31 154.65 26.80 500.32 48.60
122.61 497.51 210.23 156.01 26.80 506.42 48.60
122.80 496.99 210.23 157.00 26.80 500.32 48.60
122.99 496.48 210.14 157.50 26.81 500.32 48.29
123.17 495.97 210.06 159.39 26.81 500.32 48.29
123.37 495.47 209.98 161.70 26.82 494.21 48.29
123.55 495.20 209.90 162.50 26.81 491.16 47.97
123.74 494.69 209.90 163.24 26.81 488.11 47.97
123.95 494.17 209.82 163.33 26.82 488.11 48.29
124.15 493.67 209.73 162.71 26.83 485.06 48.29
124.33 493.50 209.65 160.55 26.83 485.06 48.29
124.53 493.18 209.57 157.15 26.83 485.06 47.97
124.72 492.78 209.49 156.59 26.82 491.16 47.97
124.91 492.33 209.49 156.00 26.82 491.16 47.97
125.11 491.86 209.41 155.61 26.81 494.21 47.65
125.30 491.37 209.32 154.19 26.82 488.11 47.65
125.50 490.12 209.24 153.43 26.81 494.21 47.65
125.70 489.61 209.16 153.73 26.80 491.16 47.65
125.90 489.09 209.08 153.38 26.80 491.16 47.65
126.10 488.59 209.08 152.43 26.80 491.16 47.34
126.29 488.42 209.00 149.93 26.79 494.21 47.65
126.51 488.10 208.92 147.99 26.78 500.32 47.34
126.69 487.70 208.84 147.43 26.77 500.32 47.34
126.89 487.26 208.76 146.79 26.75 503.37 47.34
127.08 486.79 208.68 146.16 26.72 503.37 47.34
127.28 486.30 208.59 145.86 26.72 503.37 47.34
127.46 485.22 208.59 148.86 26.72 503.37 47.34
127.65 484.97 208.51 150.54 26.71 509.47 47.02
127.84 484.61 208.43 151.66 26.70 506.42 47.02
128.04 484.18 208.35 152.68 26.67 503.37 47.02
128.25 483.72 208.27 152.58 26.65 503.37 47.02
128.45 483.23 208.19 151.39 26.63 503.37 46.71
