10.00 702.57 138.48 30.77 11.00 21.35 21.78
10.20 702.31 138.45 30.24 11.00 384.39 21.78
10.40 702.17 138.41 30.61 11.00 402.69 21.78
10.60 702.02 138.38 31.37 11.00 424.05 21.78
10.78 701.96 138.38 31.84 11.00 442.35 22.09
10.97 701.80 138.34 33.02 11.01 463.71 22.09
11.17 701.80 138.32 33.91 11.01 482.01 22.09
11.37 701.79 138.28 34.02 11.01 500.32 22.41
11.57 701.78 138.25 33.25 11.00 518.62 22.41
11.78 701.49 138.22 32.23 11.00 546.08 22.41
11.96 700.47 138.22 35.55 11.00 564.38 23.35
12.15 700.32 138.19 39.11 10.98 573.53 23.35
12.35 700.10 138.16 42.96 10.96 585.74 23.67
12.53 699.83 138.13 47.27 10.94 594.89 23.98
12.72 699.53 138.09 51.93 10.92 604.04 24.30
12.91 699.21 138.06 56.97 10.90 613.19 24.62
13.11 699.21 138.06 61.12 10.90 622.34 24.93
13.30 699.20 138.03 63.66 10.88 628.45 25.56
13.49 699.18 137.99 64.58 10.87 640.65 25.88
13.69 698.66 137.96 65.13 10.86 655.90 26.51
13.88 696.93 137.92 73.31 10.85 671.16 26.83
14.07 696.82 137.92 77.08 10.85 662.00 27.77
14.26 696.55 137.89 84.16 10.84 674.21 28.09
14.45 696.20 137.84 90.80 10.85 671.16 28.40
14.66 695.81 137.81 97.05 10.85 674.21 29.67
14.84 695.39 137.77 102.98 10.86 674.21 29.67
15.03 694.94 137.72 108.51 10.89 671.16 30.61
15.22 694.48 137.72 112.94 10.89 671.16 31.24
15.41 694.01 137.68 116.11 10.93 671.16 31.87
15.60 693.52 137.64 117.89 10.97 674.21 32.82
15.78 693.04 137.60 121.76 11.02 677.26 33.45
15.98 691.78 137.55 128.67 11.08 671.16 34.40
16.18 691.62 137.50 135.33 11.17 658.95 35.03
16.38 691.30 137.50 140.36 11.17 649.80 35.98
16.57 690.89 137.46 144.45 11.26 643.70 36.29
16.77 690.41 137.42 147.99 11.34 634.55 37.56
16.98 689.92 137.36 150.78 11.45 628.45 38.19
17.18 688.85 137.30 154.36 11.59 619.29 38.82
17.38 688.58 137.24 154.34 11.75 607.09 39.76
17.57 688.20 137.24 151.17 11.75 607.09 40.40
17.77 687.74 137.19 151.39 11.93 613.19 41.03
17.95 687.24 137.12 153.73 12.13 613.19 41.97
18.14 686.23 137.06 156.29 12.36 600.99 42.60
18.33 685.52 137.02 160.98 12.57 591.84 42.92
18.52 685.46 137.12 163.50 12.62 570.48 43.87
18.70 684.91 137.81 164.81 11.84 567.43 44.18
18.90 683.39 137.85 170.58 11.03 561.33 45.13
19.10 683.16 137.89 173.95 10.18 530.82 45.76
19.30 683.27 137.70 174.36 9.53 521.67 46.39
19.49 683.09 137.22 172.22 9.19 512.52 47.02
19.68 683.08 136.98 168.14 9.37 518.62 47.65
19.89 683.19 136.64 160.73 10.14 512.52 48.29
20.09 683.45 140.24 154.01 6.59 524.72 48.92
20.28 688.43 145.90 124.48 10.90 530.82 49.86
20.47 685.75 146.20 103.44 20.74 631.50 50.49
20.66 686.31 143.05 79.62 34.65 655.90 51.13
20.87 685.43 141.29 60.30 43.29 719.97 51.13
21.07 685.31 140.82 44.16 46.66 765.73 51.44
21.27 684.99 140.01 30.34 51.72 802.34 52.07
21.45 684.55 143.87 17.93 61.50 845.05 52.07
21.65 681.22 147.06 18.04 73.32 881.65 51.44
21.85 678.38 149.52 29.72 98.87 887.76 50.81
22.05 676.89 158.94 49.98 152.79 884.71 49.86
22.24 676.33 146.10 73.36 162.13 872.50 48.92
22.45 676.21 125.21 94.78 123.13 854.20 46.71
22.65 675.85 117.37 115.03 33.05 838.94 45.76
22.86 674.63 116.55 142.84 18.66 814.54 47.97
23.05 674.77 120.35 169.30 116.26 753.52 47.34
23.24 676.09 126.93 187.95 184.99 695.56 46.08
23.43 673.69 130.77 212.93 205.55 665.05 44.50
23.63 670.38 133.53 241.74 229.00 512.52 42.92
23.81 668.50 130.84 278.31 256.82 448.45 41.66
24.01 668.60 129.96 293.84 270.96 433.20 40.08
24.21 668.57 129.20 306.88 301.24 421.00 38.50
24.40 668.42 129.05 308.07 316.62 408.79 37.24
24.61 668.00 128.93 305.83 346.08 396.59 36.29
24.81 667.45 128.95 292.89 356.92 387.44 35.03
25.01 667.03 129.05 278.56 357.17 375.24 33.77
25.21 665.67 129.05 261.28 357.17 366.08 32.82
25.42 665.12 129.47 241.13 325.85 359.98 31.56
25.61 664.58 129.83 228.11 286.78 344.73 30.61
25.80 664.08 129.89 222.83 270.69 335.58 29.35
25.98 664.03 129.92 222.06 254.58 326.43 28.72
26.18 663.82 129.97 219.43 237.67 320.32 27.77
26.38 663.47 129.97 214.40 237.67 311.17 26.51
26.57 663.04 130.01 206.26 220.28 308.12 25.88
26.77 662.58 130.07 196.15 202.60 298.97 24.93
26.97 662.09 130.15 187.27 184.53 292.87 24.30
27.17 660.82 130.27 176.60 165.21 286.77 23.67
27.38 660.49 130.76 162.87 106.84 274.56 22.72
27.57 660.28 130.87 149.35 40.87 274.56 22.09
27.77 659.96 130.87 150.23 40.87 314.22 22.72
27.96 659.57 130.87 152.71 4.30 280.67 21.46
28.16 659.15 130.87 151.88 57.38 274.56 21.78
28.34 658.71 130.88 150.06 87.96 271.51 21.14
28.54 658.31 130.89 147.47 101.65 277.61 20.51
28.73 657.91 130.89 143.84 101.65 283.72 19.88
28.93 656.63 130.89 141.54 101.65 298.97 19.25
29.14 656.50 130.90 139.30 96.83 302.02 18.62
29.34 656.24 130.91 139.83 83.83 311.17 17.99
29.55 655.91 130.93 140.23 66.93 311.17 17.04
29.75 655.52 130.94 140.64 48.98 314.22 16.73
29.93 655.16 130.96 140.60 32.05 317.27 16.41
30.13 654.78 130.96 138.86 32.05 323.38 15.78
30.32 654.32 130.96 136.54 32.05 335.58 15.15
30.50 653.87 130.98 134.01 19.43 347.78 14.83
30.70 653.43 130.99 131.38 11.34 356.93 14.52
30.90 652.99 131.01 128.74 7.63 369.14 13.89
31.10 652.55 131.02 129.91 8.72 387.44 13.57
31.31 652.12 131.04 131.32 12.61 387.44 12.94
31.51 651.68 131.04 131.55 12.61 387.44 12.94
31.69 651.25 131.04 131.28 12.61 390.49 12.31
31.89 650.82 131.05 130.62 16.83 402.69 11.99
32.09 650.38 131.06 129.93 19.29 408.79 11.36
32.29 649.94 131.08 129.21 20.30 417.95 11.36
32.50 649.50 131.10 128.35 20.30 427.10 11.05
32.70 649.06 131.17 127.29 19.91 436.25 10.73
32.90 648.61 131.17 128.21 19.91 448.45 10.41
33.10 648.16 131.26 130.21 19.18 451.50 10.10
33.30 647.72 131.63 131.50 17.73 451.50 9.78
33.49 647.27 131.61 132.27 16.95 457.61 9.47
33.67 646.83 131.63 132.89 16.08 457.61 9.47
33.86 646.37 131.55 133.34 15.09 460.66 8.84
34.07 645.91 131.55 133.41 15.09 466.76 8.84
34.26 645.46 131.55 133.68 14.11 472.86 8.52
34.47 645.00 131.59 133.99 13.41 475.91 8.21
34.65 644.54 131.64 134.43 12.86 482.01 7.89
34.84 644.07 131.68 134.90 12.46 488.11 7.89
35.03 643.84 131.77 135.16 12.15 491.16 7.89
35.23 643.38 131.77 135.71 12.15 497.27 7.57
35.43 642.90 131.85 136.30 11.85 500.32 7.57
35.63 642.20 131.89 137.14 11.54 503.37 7.26
35.84 641.72 131.89 137.69 11.18 506.42 7.26
36.03 641.49 131.90 137.99 10.79 515.57 6.63
36.22 641.01 131.89 138.55 10.39 506.42 6.63
36.41 640.53 131.89 139.23 10.39 512.52 6.31
36.60 640.04 131.86 139.81 9.99 518.62 6.31
36.80 639.56 131.84 140.45 9.88 515.57 6.31
37.01 639.07 131.88 141.19 9.93 515.57 6.31
37.21 637.80 132.11 145.21 10.34 521.67 6.31
37.40 637.49 134.39 148.51 15.35 515.57 6.63
37.59 637.25 134.54 150.29 18.12 512.52 6.63
37.79 636.91 133.00 150.99 20.92 512.52 6.63
37.98 636.50 132.39 151.31 21.39 515.57 6.94
38.17 636.05 132.36 151.20 21.46 521.67 7.26
38.37 635.58 132.36 150.99 21.44 515.57 7.26
38.57 635.09 132.39 150.60 21.37 521.67 7.57
38.76 634.60 132.41 150.16 21.10 518.62 7.89
38.96 633.36 132.41 152.96 21.10 521.67 8.21
39.17 632.85 132.44 155.31 20.74 512.52 8.52
39.37 632.68 132.48 156.29 20.32 512.52 8.84
39.56 632.36 132.52 156.09 19.83 512.52 9.47
39.77 631.96 132.56 155.12 19.26 521.67 9.78
39.95 631.50 132.60 153.81 18.51 515.57 10.10
40.14 630.25 132.60 154.00 18.51 515.57 10.41
40.34 630.10 132.67 154.34 17.73 515.57 11.05
40.53 629.80 132.77 153.38 16.96 521.67 11.36
40.72 629.40 132.82 151.64 16.15 515.57 12.31
40.91 628.96 132.85 149.58 15.34 521.67 12.62
41.09 628.72 132.88 150.15 14.57 521.67 13.25
41.28 628.23 132.88 151.65 14.57 524.72 13.89
41.47 627.00 132.90 155.31 13.91 521.67 14.52
41.66 626.47 132.88 157.88 13.47 515.57 15.15
41.87 625.96 132.83 159.51 12.85 509.47 15.78
42.08 625.45 132.81 160.50 12.11 509.47 16.41
42.27 624.93 132.81 161.01 11.17 506.42 17.04
42.47 624.42 132.81 161.00 11.17 506.42 17.67
42.66 623.90 132.81 160.63 10.13 503.37 18.30
42.85 623.40 132.81 161.52 9.06 503.37 18.94
43.04 622.89 132.81 163.95 9.06 500.32 19.57
43.25 622.36 132.81 166.09 7.93 491.16 20.51
43.44 622.19 132.81 165.58 7.93 485.06 20.83
43.64 621.86 132.81 163.33 7.93 485.06 21.46
43.83 621.46 132.80 160.06 6.74 485.06 22.41
44.02 621.00 132.80 156.16 6.74 491.16 23.35
44.21 620.52 132.79 155.11 5.60 494.21 23.98
44.41 620.03 132.77 152.87 4.54 494.21 24.62
44.61 618.78 132.75 153.03 3.52 494.21 25.56
44.80 618.61 132.75 151.37 3.52 494.21 26.51
45.01 618.28 132.72 148.32 2.47 494.21 27.46
45.21 617.88 132.69 144.43 1.40 503.37 28.40
45.41 617.43 132.65 143.59 0.30 512.52 29.35
45.60 616.95 132.62 142.98 0.85 509.47 30.30
45.78 616.47 132.58 142.52 2.03 512.52 31.24
45.97 615.20 132.58 143.98 2.03 512.52 32.19
46.17 614.89 132.54 146.92 3.19 509.47 33.14
46.37 614.63 132.49 148.50 4.15 509.47 34.08
46.58 614.27 132.44 149.60 3.45 512.52 35.03
46.76 613.84 132.40 150.56 2.22 506.42 35.98
46.96 613.60 132.36 150.98 0.79 503.37 37.24
47.14 613.13 132.36 152.13 0.79 509.47 37.56
47.33 611.89 132.31 154.63 0.11 503.37 38.50
47.52 611.38 132.26 157.51 0.15 503.37 39.76
47.71 610.86 132.22 159.43 0.63 500.32 40.71
47.90 610.54 132.17 160.27 1.33 497.27 41.66
48.11 610.28 132.11 159.30 2.11 497.27 42.60
48.30 609.91 132.11 157.34 2.11 494.21 43.55
48.49 609.48 132.06 156.61 2.93 497.27 44.18
48.67 609.02 132.00 157.11 3.76 497.27 45.45
48.86 608.53 131.94 156.30 4.62 494.21 46.39
49.05 607.27 131.88 158.16 5.49 494.21 47.02
49.25 607.02 131.88 158.82 5.49 491.16 47.97
49.45 606.26 131.82 159.77 6.35 488.11 48.60
49.65 605.75 131.75 159.72 7.22 488.11 49.86
49.84 605.22 131.68 159.38 8.08 485.06 50.18
50.03 604.97 131.61 160.80 8.94 485.06 50.81
50.22 604.79 131.54 162.25 9.76 482.01 51.44
50.43 604.48 131.54 161.15 9.76 478.96 52.39
50.63 604.08 131.47 158.81 10.48 475.91 53.02
50.82 603.64 131.39 155.72 11.18 482.01 53.65
51.02 603.16 131.31 152.17 11.87 485.06 54.28
51.22 602.67 131.23 148.42 12.54 491.16 54.91
51.42 601.43 131.15 151.30 13.21 497.27 55.23
51.62 600.93 131.07 154.09 13.90 488.11 55.86
51.82 600.41 130.98 157.03 14.69 485.06 56.49
52.03 600.09 130.98 157.00 14.69 478.96 57.12
52.22 599.92 130.90 156.04 15.51 478.96 57.44
52.41 599.52 130.81 153.39 16.35 482.01 57.75
52.60 599.07 130.72 150.12 17.22 488.11 58.38
52.79 598.60 130.63 146.47 18.11 491.16 58.70
52.98 598.12 130.63 144.33 18.11 497.27 59.02
53.19 596.87 130.55 145.87 18.89 503.37 59.33
53.38 596.70 130.45 147.90 19.59 497.27 59.65
53.57 596.39 130.37 149.08 20.16 497.27 59.96
53.76 595.99 130.27 150.03 20.73 497.27 60.28
53.96 595.54 130.18 150.99 21.27 494.21 60.59
54.16 595.07 130.09 150.95 21.81 494.21 60.59
54.37 594.58 130.09 149.88 21.81 494.21 60.91
54.57 593.35 129.99 151.50 22.34 497.27 61.22
54.77 592.84 129.90 152.47 22.87 497.27 61.22
54.96 592.33 129.80 153.05 23.38 494.21 61.22
55.17 591.82 129.71 153.17 23.88 494.21 61.22
55.37 591.31 129.61 156.54 24.37 497.27 61.22
55.56 591.15 129.52 158.67 24.86 485.06 61.22
55.75 590.83 129.52 159.99 24.86 488.11 61.22
55.94 590.43 129.43 159.85 25.33 485.06 60.91
56.13 589.98 129.33 158.43 25.79 485.06 60.91
56.32 589.51 129.24 156.38 26.21 485.06 60.91
56.51 589.02 129.15 153.98 26.62 488.11 60.59
56.69 588.77 129.15 152.66 26.62 491.16 60.59
56.89 587.28 129.06 153.38 27.00 491.16 60.28
57.09 587.02 128.96 153.37 27.36 491.16 59.96
57.29 586.71 128.87 155.93 27.69 488.11 59.65
57.50 586.28 128.79 155.08 27.98 485.06 59.65
57.69 585.88 128.70 152.95 28.24 485.06 59.33
57.90 585.43 128.61 150.12 28.49 494.21 59.33
58.10 584.95 128.61 147.03 28.49 497.27 59.02
58.31 584.47 128.52 143.67 28.71 500.32 58.38
58.50 583.98 128.43 143.73 28.90 509.47 58.07
58.69 582.73 128.34 147.30 29.05 503.37 57.75
58.87 582.47 128.26 149.10 29.18 503.37 57.44
59.07 582.16 128.17 152.31 29.30 500.32 57.12
59.26 581.91 128.17 154.24 29.30 500.32 56.81
59.47 581.54 128.08 155.36 29.39 497.27 56.49
59.67 581.11 128.00 154.80 29.45 497.27 56.18
59.87 580.65 127.91 153.30 29.48 494.21 55.86
60.07 580.18 127.82 151.38 29.52 500.32 55.54
60.26 578.95 127.73 150.86 29.54 503.37 54.91
60.46 578.42 127.73 151.57 29.54 503.37 54.60
60.64 578.08 127.64 151.59 29.55 503.37 54.60
60.83 577.84 127.55 153.53 29.54 503.37 54.28
61.02 577.48 127.47 154.92 29.52 500.32 53.65
61.21 577.06 127.39 155.69 29.48 500.32 53.33
61.42 576.59 127.31 155.06 29.42 497.27 53.02
61.62 576.11 127.31 153.73 29.42 497.27 52.70
61.81 575.62 127.23 151.89 29.34 500.32 52.39
62.02 574.38 127.15 151.52 29.25 503.37 52.07
62.21 574.04 127.08 152.07 29.15 503.37 51.76
62.41 573.79 127.00 150.99 29.02 500.32 51.44
62.59 573.42 126.93 150.64 28.88 506.42 51.44
62.79 572.99 126.93 151.80 28.88 506.42 50.81
62.99 572.53 126.86 152.72 28.72 506.42 50.81
63.17 572.04 126.78 152.22 28.55 506.42 50.49
63.36 570.80 126.71 154.30 28.36 503.37 50.18
63.55 570.55 126.63 155.03 28.18 500.32 50.18
63.76 569.95 126.55 156.19 28.00 503.37 49.86
63.96 569.70 126.48 155.02 27.82 497.27 49.23
64.16 569.33 126.48 154.65 27.82 500.32 49.23
64.36 568.90 126.40 155.72 27.64 503.37 49.23
64.55 568.68 126.33 156.36 27.45 503.37 48.92
64.74 568.20 126.25 156.43 27.27 503.37 48.92
64.92 567.71 126.18 155.54 27.09 500.32 48.60
65.11 566.46 126.18 157.24 27.09 500.32 48.60
65.31 565.95 126.10 158.44 26.91 497.27 48.29
65.51 565.44 126.03 158.99 26.74 494.21 47.97
65.71 564.92 125.96 159.16 26.55 494.21 47.97
65.92 564.75 125.88 157.81 26.38 494.21 47.97
66.12 564.43 125.81 158.74 26.20 494.21 47.97
66.31 564.03 125.74 158.24 26.04 491.16 47.97
66.50 563.58 125.74 156.43 26.04 491.16 47.97
66.69 563.10 125.67 153.94 25.88 494.21 47.65
66.88 562.62 125.60 151.14 25.70 497.27 47.65
67.09 561.36 125.53 149.73 25.52 503.37 47.65
67.29 561.19 125.45 150.29 25.36 503.37 47.65
67.48 560.87 125.38 151.58 25.20 503.37 47.65
67.69 560.46 125.38 152.64 25.20 503.37 47.65
67.89 560.02 125.31 152.51 25.05 500.32 47.97
68.08 559.55 125.24 151.19 24.89 500.32 47.97
68.27 558.32 125.17 150.94 24.74 503.37 47.97
68.46 557.80 125.09 151.85 24.60 503.37 47.97
68.67 557.47 125.02 151.86 24.47 500.32 47.97
68.86 557.22 125.02 150.29 24.47 503.37 48.29
69.05 556.86 124.94 151.23 24.35 506.42 48.29
69.24 556.42 124.87 152.10 24.24 509.47 48.60
69.44 555.96 124.79 152.96 24.15 503.37 48.60
69.64 555.48 124.72 154.04 24.08 500.32 48.60
69.83 554.24 124.65 155.91 24.01 503.37 48.92
70.02 553.72 124.65 158.19 24.01 497.27 48.92
70.21 553.47 124.58 159.10 23.96 494.21 48.92
70.39 552.95 124.51 160.32 23.90 494.21 49.23
70.58 552.78 124.43 159.78 23.88 494.21 49.23
70.77 552.46 124.36 157.99 23.84 491.16 49.55
70.96 552.05 124.36 155.50 23.84 494.21 49.86
71.17 551.61 124.28 155.75 23.82 497.27 49.86
71.37 551.13 124.21 154.73 23.81 497.27 50.18
71.56 549.88 124.13 154.67 23.79 500.32 50.49
71.75 549.72 124.06 154.39 23.79 494.21 50.49
71.94 549.40 123.98 152.75 23.78 497.27 50.49
72.13 549.00 123.91 150.34 23.78 500.32 50.81
72.32 548.55 123.91 150.89 23.78 503.37 50.81
72.51 548.07 123.83 151.75 23.78 506.42 51.13
72.69 547.58 123.75 151.61 23.78 503.37 51.13
72.88 546.58 123.68 152.85 23.79 506.42 51.44
73.07 546.27 123.60 154.17 23.82 503.37 51.76
73.28 546.01 123.60 153.48 23.82 500.32 52.07
73.47 545.64 123.52 151.71 23.85 500.32 52.07
73.66 545.21 123.44 149.36 23.89 506.42 52.07
73.85 544.75 123.36 148.51 23.93 512.52 52.39
74.06 544.26 123.28 149.39 23.98 509.47 52.39
74.26 543.03 123.20 152.26 24.04 503.37 52.70
74.46 542.51 123.20 156.34 24.04 506.42 53.02
74.65 542.00 123.12 159.04 24.12 494.21 53.02
74.84 541.48 123.04 160.74 24.19 494.21 53.02
75.03 540.97 122.96 161.80 24.26 491.16 53.02
75.23 540.47 122.88 162.22 24.35 491.16 53.33
75.40 539.96 122.80 162.28 24.43 491.16 53.33
75.59 539.45 122.80 165.00 24.43 488.11 53.65
75.79 538.94 122.72 166.44 24.51 482.01 53.65
75.96 538.69 122.64 166.62 24.60 478.96 53.65
76.16 538.17 122.55 166.66 24.69 475.91 53.97
76.34 537.65 122.47 165.97 24.78 475.91 53.97
76.53 537.15 122.47 164.81 24.78 475.91 54.28
76.73 536.98 122.39 162.10 24.88 472.86 54.28
76.91 536.66 122.31 161.64 24.97 475.91 54.28
77.10 536.26 122.23 159.73 25.06 475.91 54.28
77.29 535.82 122.14 156.53 25.15 475.91 54.60
77.48 535.34 122.14 152.71 25.15 482.01 54.60
77.68 534.85 122.06 148.44 25.25 485.06 54.60
77.88 533.81 121.98 146.72 25.34 494.21 54.60
78.07 533.56 121.90 143.41 25.43 494.21 54.60
78.25 533.38 121.81 142.99 25.54 503.37 54.60
78.45 532.98 121.73 142.15 25.63 503.37 54.91
78.64 532.54 121.73 141.27 25.63 503.37 54.91
78.84 532.07 121.65 140.58 25.73 509.47 54.91
79.02 531.58 121.56 140.21 25.83 506.42 54.91
79.21 530.35 121.48 143.15 25.92 509.47 54.91
79.40 529.84 121.39 146.14 26.01 512.52 54.91
79.58 529.33 121.39 149.18 26.01 506.42 54.91
79.77 529.15 121.31 151.17 26.09 506.42 54.91
79.96 528.83 121.22 152.41 26.19 503.37 54.91
80.14 528.64 121.14 152.80 26.28 500.32 54.91
80.33 528.21 121.05 153.61 26.36 500.32 54.60
80.52 527.75 121.05 154.63 26.36 500.32 54.91
80.70 527.27 120.97 154.66 26.44 503.37 54.91
80.90 526.77 120.88 153.49 26.52 503.37 54.91
81.08 525.71 120.80 154.80 26.59 503.37 54.60
81.27 525.45 120.72 154.34 26.66 500.32 54.60
81.46 525.09 120.72 152.75 26.66 503.37 54.60
81.65 524.65 120.63 150.71 26.72 506.42 54.60
81.84 524.19 120.55 151.37 26.78 503.37 54.60
82.04 523.71 120.47 150.84 26.83 509.47 54.60
82.24 522.47 120.38 151.31 26.88 509.47 54.60
82.44 521.96 120.30 152.62 26.93 506.42 54.60
82.63 521.45 120.30 153.52 26.93 506.42 54.28
82.82 521.20 120.21 153.82 26.97 506.42 54.60
83.00 520.69 120.13 154.17 27.01 506.42 54.28
83.19 520.18 120.05 157.47 27.03 506.42 54.28
83.39 519.66 119.96 160.82 27.08 497.27 53.97
83.58 519.49 119.88 162.98 27.10 494.21 53.97
83.77 519.16 119.88 163.12 27.10 488.11 53.97
83.95 518.76 119.80 161.93 27.13 488.11 53.65
84.15 518.31 119.72 159.71 27.14 491.16 53.65
84.33 517.83 119.63 157.10 27.16 494.21 53.65
84.51 517.35 119.55 154.40 27.17 497.27 53.65
84.71 516.34 119.55 154.56 27.17 500.32 53.65
84.90 515.84 119.47 154.55 27.18 500.32 53.33
85.08 515.67 119.39 156.13 27.18 497.27 53.33
85.28 515.35 119.30 155.52 27.18 494.21 53.33
85.47 514.95 119.22 153.37 27.18 497.27 53.02
85.66 514.49 119.22 150.74 27.18 503.37 53.02
85.85 514.02 119.14 147.56 27.17 503.37 53.02
86.04 513.53 119.06 144.25 27.16 509.47 53.02
86.22 512.28 118.97 145.75 27.15 515.57 52.70
86.41 511.77 118.89 148.74 27.14 509.47 52.70
86.60 511.71 118.89 149.88 27.14 503.37 52.39
86.78 511.45 118.81 151.41 27.12 509.47 52.39
86.98 511.08 118.73 152.37 27.10 503.37 52.39
87.15 510.65 118.65 153.17 27.08 506.42 52.07
87.34 510.19 118.57 154.10 27.05 506.42 52.07
87.54 509.70 118.49 153.82 27.02 503.37 52.07
87.73 508.45 118.49 156.03 27.02 506.42 52.07
87.92 507.95 118.41 157.43 26.99 503.37 52.07
88.11 507.43 118.33 158.20 26.94 500.32 51.76
88.31 506.91 118.25 158.57 26.90 500.32 51.76
88.50 506.60 118.17 158.07 26.85 497.27 51.44
88.69 506.34 118.17 159.53 26.85 500.32 51.44
88.87 506.16 118.09 160.03 26.82 497.27 51.44
89.07 505.75 118.01 159.74 26.77 494.21 51.13
89.25 505.31 117.93 158.19 26.73 497.27 51.13
89.44 504.84 117.85 155.68 26.69 494.21 51.13
89.63 504.35 117.85 152.99 26.69 500.32 51.13
89.81 503.10 117.77 151.61 26.65 500.32 51.13
90.00 502.78 117.69 151.22 26.62 503.37 51.13
90.19 502.51 117.61 152.69 26.58 503.37 50.81
90.38 502.34 117.54 153.15 26.53 503.37 51.13
90.56 501.93 117.54 153.59 26.53 503.37 50.81
90.76 501.48 117.46 152.55 26.47 503.37 50.49
90.96 501.01 117.38 150.68 26.42 503.37 50.49
91.17 499.76 117.30 150.04 26.38 506.42 50.49
91.36 499.26 117.22 150.54 26.33 506.42 50.49
91.55 499.09 117.15 149.39 26.28 506.42 50.49
91.74 498.76 117.07 150.49 26.23 509.47 50.49
91.92 498.36 117.07 151.33 26.23 512.52 50.49
92.11 497.91 116.99 152.10 26.19 506.42 50.49
92.30 497.43 116.91 153.14 26.14 506.42 50.18
92.49 496.95 116.83 153.85 26.10 509.47 50.18
92.67 495.69 116.75 156.60 26.07 506.42 50.18
92.86 495.52 116.75 157.45 26.07 497.27 50.18
93.05 495.37 116.68 157.19 26.02 500.32 50.18
93.26 494.79 116.60 155.09 25.97 500.32 50.18
93.43 494.57 116.52 153.99 25.90 503.37 50.18
93.63 494.10 116.44 151.69 25.86 506.42 49.86
93.82 493.62 116.44 150.95 25.86 509.47 49.86
94.00 492.37 116.36 154.87 25.82 506.42 49.86
94.19 491.86 116.28 157.35 25.79 500.32 49.86
94.38 491.35 116.21 158.94 25.75 500.32 49.86
94.59 490.83 116.13 159.78 25.70 500.32 49.86
94.77 490.66 116.13 159.02 25.70 497.27 49.86
94.96 490.34 116.05 156.90 25.67 497.27 50.18
95.16 489.94 115.98 157.79 25.63 497.27 49.86
95.34 489.72 115.90 158.15 25.59 497.27 49.86
95.54 489.24 115.82 157.78 25.56 497.27 49.86
95.73 488.76 115.74 156.28 25.54 497.27 49.86
95.93 487.51 115.74 156.03 25.54 497.27 49.86
96.12 487.34 115.66 155.59 25.51 497.27 49.86
96.29 487.02 115.58 153.86 25.49 497.27 49.86
