13.60 838.94 883.35 36.48 3843.35 125.08 13.57
13.80 838.93 883.36 36.51 3492.94 125.08 13.25
13.99 838.69 883.38 36.13 3141.96 128.13 12.94
14.19 838.31 883.38 36.77 3141.96 131.18 12.62
14.37 838.03 883.40 38.48 2774.40 131.18 12.62
14.56 837.78 883.40 40.82 2774.40 134.23 12.62
14.74 837.67 883.41 42.12 2395.59 128.13 11.99
14.93 837.46 883.43 44.86 1997.25 131.18 11.99
15.12 837.25 883.44 47.63 1570.35 128.13 11.99
15.32 837.04 883.46 50.48 1104.83 122.03 11.36
15.52 837.04 883.46 52.28 1104.83 118.98 11.36
15.69 837.03 883.46 52.60 1104.83 115.93 11.05
15.89 837.02 883.48 51.55 585.86 115.93 11.05
16.08 836.74 883.49 50.17 0.57 112.88 10.73
16.28 835.79 883.51 53.32 0.68 115.93 14.52
16.47 835.68 883.53 56.13 0.79 109.83 23.04
16.65 835.53 883.55 58.73 0.92 103.72 32.51
16.85 835.36 883.55 61.07 0.92 97.62 42.60
17.03 835.17 883.55 63.33 0.92 91.52 53.33
17.22 835.07 883.56 64.41 1.04 85.42 63.75
17.40 834.97 883.55 65.70 1.17 82.37 68.80
17.60 834.97 883.53 65.14 1.27 76.27 78.90
17.77 834.96 883.50 62.78 1.36 76.27 88.37
17.97 834.94 883.50 59.33 1.36 73.22 97.20
18.15 833.80 883.44 59.20 1.39 79.32 105.41
18.34 833.73 883.37 60.68 1.38 76.27 113.30
18.54 833.61 883.29 61.95 1.31 64.06 120.87
18.72 833.55 883.19 62.44 1.17 64.06 127.81
18.90 833.39 883.19 63.32 1.17 61.01 130.65
19.09 833.23 882.87 64.02 0.58 57.96 136.02
19.28 833.05 882.60 64.68 0.48 54.91 140.44
19.47 833.05 882.52 63.89 1.14 51.86 143.91
19.67 833.05 882.48 61.35 1.84 48.81 146.43
19.86 833.04 882.42 57.11 2.64 48.81 147.38
20.05 832.80 882.35 52.31 3.53 51.86 147.70
20.23 832.45 882.35 52.51 3.53 57.96 147.07
20.42 832.18 882.26 52.89 4.52 54.91 145.49
20.61 831.96 882.13 53.39 5.66 54.91 143.28
20.80 831.86 881.66 53.65 8.69 51.86 141.07
21.00 831.68 881.40 54.20 12.36 51.86 136.65
21.18 831.52 881.40 54.75 12.36 48.81 132.86
21.38 831.36 881.36 55.03 14.27 48.81 129.08
21.55 831.36 881.29 53.89 16.18 45.76 125.61
21.75 831.35 881.22 51.12 18.07 45.76 122.13
21.93 831.34 881.12 46.79 19.91 45.76 118.98
22.13 831.14 881.00 44.64 21.82 57.96 116.45
22.30 830.83 880.73 44.97 23.99 57.96 114.56
22.50 830.59 880.41 45.67 28.78 57.96 111.72
22.69 830.48 880.34 46.11 31.06 57.96 109.19
22.87 830.30 880.30 47.02 33.28 57.96 106.35
23.07 830.13 880.25 48.04 35.42 57.96 103.83
23.25 829.97 880.19 49.20 37.47 54.91 101.62
23.44 829.90 880.19 49.63 37.47 54.91 99.10
23.64 829.90 880.11 48.63 39.43 54.91 96.89
23.83 829.89 879.77 46.25 42.72 54.91 94.68
24.01 829.88 879.63 43.09 44.38 57.96 92.47
24.20 829.53 879.44 41.62 47.40 67.12 90.26
24.38 829.26 879.44 41.42 47.40 64.06 89.31
24.57 829.15 879.41 41.64 48.16 67.12 87.42
24.77 828.95 879.36 42.47 48.59 67.12 85.21
24.96 828.78 879.31 43.64 48.68 67.12 83.32
25.13 828.62 879.24 44.95 48.48 70.17 81.42
25.33 828.47 879.15 46.36 48.09 70.17 79.53
25.52 828.47 879.15 46.76 48.09 67.12 77.95
25.70 828.46 878.84 45.93 47.11 67.12 76.69
25.90 828.46 878.61 43.81 46.29 67.12 75.43
26.09 828.24 878.56 41.39 46.06 73.22 73.53
26.29 827.91 878.54 40.86 45.78 79.32 71.64
26.48 827.66 878.50 41.36 45.45 82.37 70.38
26.67 827.45 878.50 42.49 45.45 82.37 68.80
26.86 827.36 878.45 43.17 45.00 82.37 67.22
27.05 827.18 878.39 44.75 44.29 85.42 65.96
27.24 827.01 878.31 46.51 43.40 82.37 64.38
27.44 826.93 878.22 47.97 42.35 79.32 63.12
27.62 826.92 878.12 48.10 41.22 79.32 61.54
27.82 826.92 878.12 46.88 41.22 79.32 59.96
28.01 826.90 878.03 44.45 40.07 82.37 59.02
28.21 826.49 877.94 43.38 39.20 85.42 58.07
28.40 826.19 877.86 43.67 38.47 88.47 56.81
28.60 825.95 877.77 44.77 37.90 88.47 55.54
28.78 825.73 877.69 46.36 37.33 88.47 54.28
28.97 825.53 877.61 48.18 36.60 85.42 53.33
29.15 825.35 877.61 50.14 36.60 85.42 52.07
29.35 825.26 877.53 51.13 35.80 82.37 50.81
29.52 825.17 877.45 52.37 34.93 82.37 49.86
29.72 825.17 877.38 52.12 34.00 79.32 48.29
29.90 825.16 877.31 50.45 33.08 79.32 47.97
30.09 825.15 877.31 47.85 33.08 82.37 47.02
30.28 824.72 877.24 46.99 32.43 88.47 45.76
30.47 824.40 877.17 47.44 31.90 88.47 44.81
30.67 824.15 877.10 48.59 31.48 88.47 43.87
30.86 823.92 877.04 50.18 31.06 85.42 42.92
31.04 823.73 876.97 51.98 30.55 82.37 41.97
31.24 823.53 876.97 53.90 30.55 79.32 41.03
31.42 823.44 876.91 54.67 29.93 76.27 40.40
31.61 823.35 876.86 55.44 29.26 76.27 39.45
31.80 823.35 876.80 54.59 28.55 73.22 38.82
31.98 823.34 876.74 52.22 27.84 76.27 37.87
32.17 823.33 876.69 49.81 27.32 76.27 37.56
32.36 822.89 876.69 48.93 27.32 82.37 37.24
32.55 822.57 876.64 49.27 26.88 79.32 37.24
32.73 822.31 876.59 50.34 26.52 79.32 37.24
32.93 822.20 876.55 51.03 26.15 79.32 37.56
33.13 821.89 876.50 53.50 25.69 82.37 38.19
33.32 821.70 876.46 55.34 25.17 73.22 39.45
33.51 821.61 876.46 56.04 25.17 70.17 40.71
33.71 821.52 876.41 56.64 24.59 67.12 41.34
33.88 821.52 876.37 55.63 23.97 67.12 42.92
34.08 821.51 876.32 52.98 23.35 67.12 44.81
34.26 821.49 876.28 50.33 22.74 70.17 46.71
34.46 821.06 876.23 49.33 22.31 73.22 48.60
34.63 820.75 876.23 49.55 22.31 76.27 51.13
34.82 820.50 876.17 50.47 21.98 73.22 53.02
35.02 820.28 876.12 51.78 21.72 76.27 55.23
35.21 820.08 876.06 53.37 21.48 73.22 56.49
35.38 819.99 876.00 54.21 21.18 67.12 58.38
35.57 819.80 876.00 55.73 21.18 70.17 60.28
35.77 819.72 875.93 56.20 20.87 64.06 62.49
35.96 819.72 875.86 55.05 20.54 64.06 64.06
36.15 819.71 875.79 52.34 20.21 64.06 65.96
36.34 819.69 875.71 49.68 19.93 67.12 67.54
36.54 819.28 875.63 48.59 19.68 70.17 68.80
36.72 818.98 875.63 48.74 19.68 70.17 70.38
36.91 818.73 875.54 49.57 19.52 70.17 71.64
37.11 818.52 875.46 50.76 19.40 70.17 72.90
37.30 818.34 875.37 52.20 19.35 67.12 73.53
37.48 818.25 875.27 52.94 19.36 64.06 74.16
37.67 818.08 875.18 54.29 19.44 64.06 75.11
37.86 817.99 875.18 54.66 19.44 61.01 75.74
38.04 817.99 875.08 53.43 19.58 61.01 76.37
38.24 817.98 874.99 50.71 19.76 61.01 76.37
38.44 817.97 874.89 47.98 20.01 64.06 76.37
38.63 817.56 874.79 46.87 20.32 67.12 76.37
38.80 817.27 874.69 46.93 20.67 70.17 76.37
39.00 817.03 874.69 47.68 20.67 70.17 75.74
39.20 816.83 874.40 48.84 21.64 67.12 75.11
39.39 816.64 874.18 50.23 23.01 70.17 74.16
39.58 816.47 874.13 51.82 23.73 67.12 73.22
39.76 816.39 874.10 52.40 24.41 67.12 71.01
39.96 816.39 874.07 52.39 25.02 64.06 69.11
40.13 816.38 874.07 50.98 25.02 64.06 67.22
40.32 816.37 874.02 48.15 25.60 61.01 65.33
40.52 816.15 873.96 45.87 26.14 70.17 63.75
40.71 815.81 873.89 45.35 26.67 70.17 62.80
40.88 815.55 873.80 45.82 27.20 70.17 61.22
41.08 815.33 873.71 46.84 27.71 73.22 59.65
41.27 815.13 873.71 48.20 27.71 73.22 58.07
41.45 815.04 873.62 48.94 28.20 70.17 56.81
41.64 814.87 873.53 50.50 28.66 73.22 55.23
41.82 814.78 873.45 51.81 29.09 67.12 53.97
42.02 814.78 873.37 51.67 29.47 64.06 52.70
42.19 814.78 873.37 50.10 29.47 67.12 52.07
42.39 814.76 873.29 47.13 29.80 67.12 50.81
42.58 814.36 873.21 45.63 30.07 76.27 49.23
42.78 814.06 873.14 45.57 30.27 76.27 48.29
42.98 813.82 873.07 46.33 30.38 76.27 47.02
43.17 813.61 873.00 47.52 30.43 73.22 46.08
43.36 813.44 872.93 48.99 30.44 76.27 45.13
43.54 813.35 872.93 49.80 30.44 73.22 43.87
43.73 813.18 872.87 51.47 30.34 73.22 42.92
43.92 813.18 872.81 51.99 30.18 70.17 41.97
44.11 813.17 872.74 51.13 29.97 70.17 41.03
44.29 813.16 872.68 48.88 29.69 70.17 40.40
44.49 812.93 872.68 46.29 29.69 73.22 39.45
44.67 812.58 872.63 45.68 29.34 79.32 38.50
44.86 812.31 872.57 46.16 28.94 79.32 37.87
45.04 812.09 872.52 47.27 28.48 79.32 37.24
45.23 811.98 872.47 47.97 27.99 79.32 36.61
45.42 811.79 872.42 49.58 27.46 79.32 36.29
45.60 811.62 872.42 51.24 27.46 76.27 36.29
45.80 811.44 872.37 52.85 26.89 73.22 36.29
45.98 811.44 872.32 53.15 26.31 70.17 36.92
46.18 811.44 872.27 51.92 25.72 70.17 37.56
46.35 811.43 872.22 49.30 25.12 70.17 38.50
46.54 811.19 872.22 47.17 25.12 76.27 40.40
46.72 811.00 872.18 46.86 24.51 79.32 41.66
46.93 810.69 872.13 47.09 23.89 79.32 43.24
47.12 810.44 872.09 48.10 23.27 76.27 45.13
47.31 810.23 872.04 49.52 22.68 79.32 47.34
47.50 810.04 871.99 51.10 22.10 76.27 48.60
47.68 809.86 871.99 52.81 22.10 73.22 50.81
47.87 809.69 871.94 53.98 21.55 70.17 53.02
48.06 809.69 871.88 53.70 21.17 70.17 55.23
48.26 809.69 871.83 51.88 20.87 70.17 57.44
48.43 809.68 871.76 49.16 20.67 70.17 59.96
48.63 809.44 871.70 47.30 20.50 73.22 61.86
48.81 809.25 871.70 47.06 20.50 76.27 63.12
49.00 808.94 871.63 47.43 20.29 76.27 65.01
49.18 808.70 871.55 48.40 20.07 79.32 66.91
49.38 808.49 871.47 49.78 19.86 76.27 68.48
49.56 808.29 871.39 51.35 19.65 76.27 70.38
49.74 808.10 871.39 53.02 19.65 73.22 71.64
49.93 807.93 871.30 54.19 19.49 70.17 72.90
50.12 807.93 871.21 53.93 19.39 70.17 74.16
50.32 807.92 871.12 52.17 19.36 70.17 75.11
50.49 807.92 871.03 50.72 19.39 70.17 75.74
50.68 807.91 870.93 48.21 19.49 70.17 76.37
50.88 807.49 870.93 47.27 19.49 76.27 77.00
51.06 807.19 870.83 47.56 19.65 76.27 77.64
51.25 806.94 870.74 48.56 19.86 76.27 77.64
51.43 806.73 870.64 49.91 20.13 76.27 77.64
51.63 806.54 870.34 51.48 21.13 76.27 77.32
51.81 806.36 870.23 53.18 21.75 73.22 76.69
52.00 806.19 870.18 54.27 22.38 70.17 76.06
52.19 806.19 870.15 54.28 22.97 67.12 75.11
52.38 806.18 870.11 53.19 23.53 67.12 73.53
52.56 806.18 870.06 50.57 24.05 64.06 71.64
52.76 806.16 870.00 48.03 24.56 70.17 69.43
52.96 805.74 870.00 47.12 24.56 73.22 67.54
53.14 805.44 869.92 47.36 25.08 73.22 65.96
53.33 805.20 869.82 48.26 25.61 73.22 64.06
53.51 804.99 869.73 49.57 26.14 76.27 62.49
53.71 804.80 869.63 51.09 26.67 76.27 61.86
53.90 804.62 869.54 52.76 27.21 73.22 59.96
54.10 804.45 869.54 53.87 27.21 67.12 58.70
54.28 804.45 869.45 53.90 27.72 67.12 57.12
54.47 804.45 869.37 52.85 28.20 67.12 55.86
54.65 804.45 869.28 50.32 28.66 67.12 54.60
54.84 804.43 869.20 47.80 29.08 70.17 53.02
55.02 804.01 869.20 46.86 29.08 73.22 52.07
55.22 803.71 869.12 47.09 29.45 76.27 50.81
55.40 803.48 869.05 47.96 29.75 76.27 50.18
55.60 803.27 868.97 49.24 29.99 76.27 48.92
55.79 803.07 868.90 50.77 30.16 73.22 47.65
55.96 802.98 868.83 51.59 30.27 73.22 46.71
56.16 802.81 868.83 53.06 30.27 70.17 45.45
56.34 802.72 868.77 53.58 30.28 67.12 44.50
56.53 802.72 868.70 52.53 30.23 67.12 43.55
56.71 802.71 868.64 50.00 30.11 67.12 42.60
56.90 802.70 868.57 47.49 29.91 73.22 41.97
57.10 802.29 868.52 46.58 29.65 73.22 41.03
57.27 801.99 868.52 46.81 29.65 76.27 40.08
57.47 801.74 868.46 47.74 29.33 76.27 39.45
57.66 801.54 868.40 49.06 28.95 76.27 38.50
57.84 801.44 868.35 49.82 28.51 73.22 37.56
58.04 801.26 868.30 51.44 28.03 73.22 37.24
58.22 801.08 868.30 52.91 28.03 70.17 36.61
58.41 800.99 868.25 53.45 27.51 67.12 36.61
58.60 800.99 868.20 52.46 26.97 67.12 36.61
58.80 800.99 868.15 49.95 26.41 67.12 36.61
58.98 800.97 868.10 47.55 25.84 70.17 37.56
59.18 800.56 868.06 46.59 25.24 76.27 38.19
59.35 800.26 868.06 46.81 25.24 73.22 39.76
59.55 800.01 868.01 47.75 24.64 76.27 41.03
59.73 799.90 867.97 48.40 24.04 76.27 42.60
59.92 799.71 867.92 49.85 23.43 76.27 44.50
60.10 799.52 867.88 51.48 22.82 73.22 45.13
60.30 799.35 867.83 53.01 22.38 70.17 47.34
60.49 799.26 867.83 53.58 22.38 67.12 49.86
60.66 799.26 867.78 52.59 22.02 67.12 52.07
60.85 799.25 867.72 50.10 21.74 67.12 54.28
61.05 799.24 867.66 47.64 21.48 70.17 56.18
61.23 799.01 867.60 46.99 21.18 73.22 58.38
61.43 798.67 867.60 46.72 21.18 73.22 60.59
61.61 798.40 867.54 47.34 20.84 76.27 61.54
61.80 798.17 867.47 48.52 20.49 76.27 63.75
62.01 797.98 867.39 49.98 20.15 76.27 65.01
62.20 797.80 867.32 51.52 19.84 73.22 66.91
62.39 797.62 867.24 53.02 19.59 73.22 68.80
62.58 797.54 867.15 53.53 19.40 67.12 70.38
62.76 797.54 867.15 52.46 19.40 67.12 71.32
62.95 797.53 867.06 49.95 19.29 70.17 72.90
63.14 797.51 866.97 47.46 19.24 70.17 73.85
63.34 797.10 866.88 46.50 19.26 76.27 75.11
63.53 796.79 866.79 46.79 19.33 76.27 75.74
63.72 796.55 866.69 47.79 19.48 76.27 76.37
63.91 796.44 866.69 48.40 19.48 76.27 77.00
64.09 796.24 866.59 49.90 19.68 76.27 77.32
64.28 796.06 866.49 51.54 19.94 73.22 77.64
64.46 795.88 866.19 53.10 20.92 70.17 77.32
64.66 795.80 866.03 53.63 22.16 70.17 77.00
64.84 795.79 866.03 52.66 22.16 70.17 76.06
65.04 795.79 866.00 50.20 22.73 70.17 75.43
65.22 795.77 865.97 47.74 23.26 70.17 74.16
65.42 795.36 865.92 46.79 23.77 76.27 72.27
65.61 795.06 865.85 47.07 24.29 76.27 71.01
65.79 794.93 865.77 47.51 24.79 76.27 69.11
65.99 794.71 865.77 48.69 24.79 76.27 67.22
66.16 794.52 865.68 50.09 25.32 76.27 65.33
66.36 794.33 865.58 51.67 25.87 73.22 64.06
66.54 794.16 865.48 53.11 26.41 70.17 62.17
66.74 794.07 865.39 53.60 26.94 70.17 60.91
66.91 794.07 865.39 52.52 26.94 70.17 59.33
67.11 794.06 865.30 49.99 27.48 67.12 58.38
67.30 794.05 865.21 47.49 27.99 73.22 57.12
67.49 793.82 865.13 46.82 28.47 79.32 55.86
67.67 793.47 865.04 46.59 28.92 76.27 54.28
67.86 793.20 864.96 47.25 29.32 76.27 53.02
68.04 792.98 864.96 48.44 29.32 79.32 52.07
68.24 792.78 864.88 49.93 29.66 76.27 50.81
68.44 792.59 864.81 51.62 29.94 73.22 49.55
68.62 792.41 864.73 53.13 30.15 70.17 48.29
68.80 792.33 864.66 53.70 30.28 70.17 47.65
69.00 792.32 864.59 52.79 30.34 67.12 46.71
69.18 792.32 864.59 51.75 30.34 70.17 45.45
69.38 792.31 864.53 49.05 30.32 70.17 44.50
69.57 792.08 864.46 47.24 30.24 73.22 43.55
69.74 791.73 864.40 47.03 30.10 76.27 42.60
69.94 791.46 864.34 47.67 29.87 76.27 41.66
70.12 791.24 864.34 48.81 29.87 76.27 40.71
70.32 791.03 864.28 50.26 29.58 76.27 39.76
70.49 790.85 864.22 51.85 29.23 73.22 39.45
70.69 790.67 864.17 53.39 28.83 73.22 38.50
70.88 790.59 864.11 53.88 28.39 67.12 37.87
71.06 790.59 864.06 53.53 27.91 67.12 37.24
71.25 790.58 864.06 51.77 27.91 67.12 36.92
71.44 790.57 864.01 49.06 27.39 67.12 36.61
71.63 790.33 863.96 47.25 26.86 73.22 36.61
71.81 789.98 863.91 46.99 26.30 76.27 36.92
72.00 789.71 863.87 47.67 25.71 76.27 37.56
72.19 789.48 863.82 48.88 25.12 76.27 38.19
72.38 789.28 863.82 50.36 25.12 76.27 39.45
72.57 789.10 863.78 52.02 24.52 73.22 41.03
72.77 788.92 863.73 53.51 23.92 70.17 42.60
72.97 788.84 863.69 54.08 23.32 67.12 44.18
73.15 788.84 863.64 53.77 22.88 67.12 46.39
73.34 788.83 863.59 52.04 22.52 67.12 48.60
73.54 788.82 863.59 49.33 22.52 67.12 50.81
73.74 788.59 863.54 47.44 22.22 73.22 52.70
73.93 788.24 863.49 47.12 21.93 73.22 54.91
74.11 787.98 863.43 47.69 21.60 73.22 55.86
74.30 787.75 863.37 48.81 21.22 73.22 58.07
74.48 787.55 863.30 50.19 20.82 73.22 59.96
74.67 787.36 863.30 51.82 20.82 73.22 61.86
74.86 787.19 863.23 53.26 20.44 70.17 63.75
75.04 787.11 863.16 53.69 20.08 67.12 65.33
75.24 787.11 863.08 53.40 19.77 67.12 67.22
75.44 787.11 863.00 51.53 19.52 67.12 68.80
75.63 787.10 862.91 48.81 19.35 67.12 70.38
75.81 786.87 862.91 46.89 19.35 73.22 71.01
76.00 786.52 862.83 46.59 19.24 73.22 72.59
76.19 786.26 862.74 47.19 19.18 73.22 73.53
76.39 786.04 862.64 48.30 19.21 73.22 74.48
76.57 785.84 862.55 49.72 19.29 73.22 75.43
76.77 785.66 862.45 51.27 19.43 73.22 76.37
76.95 785.48 862.45 52.72 19.43 70.17 76.69
77.14 785.40 862.36 53.19 19.63 67.12 77.32
77.32 785.39 862.26 52.87 19.89 67.12 77.32
77.52 785.39 862.16 51.13 20.20 67.12 77.32
77.69 785.38 861.86 48.41 21.29 67.12 77.32
77.89 785.15 861.75 46.55 21.95 73.22 76.69
78.07 784.81 861.69 46.25 22.61 76.27 76.06
78.27 784.54 861.66 46.86 23.24 76.27 74.79
78.46 784.32 861.62 47.99 23.83 76.27 73.53
78.63 784.13 861.58 49.42 24.38 76.27 71.32
78.83 783.95 861.52 51.02 24.90 73.22 69.43
79.02 783.77 861.52 52.53 24.90 70.17 67.85
79.22 783.77 861.44 52.68 25.42 67.12 65.96
79.40 783.77 861.34 52.16 25.95 70.17 65.01
79.59 783.77 861.24 50.08 26.50 67.12 63.75
79.78 783.75 861.15 47.13 27.05 73.22 61.86
79.98 783.34 861.06 45.93 27.58 76.27 60.28
80.17 783.04 861.06 46.04 27.58 76.27 59.02
80.36 782.80 860.97 46.88 28.10 76.27 57.75
80.55 782.59 860.88 48.13 28.60 76.27 56.18
80.73 782.40 860.80 49.64 29.05 76.27 54.91
80.92 782.22 860.71 51.33 29.46 76.27 53.65
81.10 782.13 860.63 52.19 29.82 70.17 53.02
81.30 782.05 860.63 53.15 29.82 70.17 51.76
81.48 782.05 860.56 52.63 30.11 67.12 50.49
81.67 782.04 860.48 50.66 30.32 70.17 49.23
81.86 782.03 860.41 47.76 30.46 70.17 48.29
82.04 781.62 860.34 46.61 30.55 79.32 47.02
82.23 781.31 860.34 46.78 30.55 79.32 46.08
82.42 781.07 860.27 47.67 30.56 76.27 45.13
82.62 780.86 860.20 48.99 30.50 76.27 43.87
82.81 780.66 860.14 50.57 30.35 76.27 42.92
83.00 780.48 860.08 52.30 30.14 73.22 42.60
83.19 780.31 860.02 53.52 29.86 67.12 41.66
83.37 780.31 860.02 53.59 29.86 67.12 40.71
83.56 780.31 859.96 52.58 29.54 70.17 40.08
83.74 780.30 859.90 50.12 29.16 70.17 38.82
83.94 780.29 859.84 47.69 28.73 73.22 38.19
84.12 779.87 859.79 46.81 28.26 73.22 37.56
84.31 779.57 859.74 47.11 27.77 76.27 37.24
84.51 779.33 859.74 48.07 27.77 76.27 36.92
84.71 779.12 859.69 49.40 27.24 76.27 36.61
84.88 778.93 859.64 50.96 26.68 73.22 36.92
85.08 778.75 859.59 52.69 26.12 70.17 37.24
85.27 778.66 859.55 53.33 25.53 70.17 37.87
85.44 778.57 859.50 53.91 24.94 67.12 38.50
85.64 778.57 859.50 52.90 24.94 67.12 40.08
85.83 778.56 859.46 50.36 24.32 67.12 41.66
86.02 778.55 859.41 47.83 23.72 70.17 43.24
86.20 778.14 859.37 46.83 23.13 76.27 44.18
86.39 777.83 859.32 47.05 22.68 76.27 46.08
86.58 777.59 859.32 47.97 22.68 76.27 48.29
86.76 777.48 859.27 48.59 22.31 76.27 50.49
86.95 777.28 859.22 50.08 22.02 76.27 52.39
87.13 777.10 859.16 51.71 21.76 73.22 54.60
87.33 776.92 859.10 53.24 21.44 70.17 56.81
87.51 776.84 859.04 53.76 21.10 70.17 58.07
87.70 776.84 859.04 52.72 21.10 67.12 59.96
87.89 776.83 858.97 50.20 20.74 67.12 61.86
88.08 776.82 858.90 47.71 20.37 73.22 63.75
88.26 776.40 858.83 46.78 20.02 76.27 65.33
88.46 776.10 858.75 47.04 19.74 76.27 67.22
88.64 775.97 858.75 47.46 19.74 76.27 69.11
88.83 775.75 858.67 48.59 19.51 73.22 70.38
89.01 775.55 858.58 49.99 19.35 76.27 71.01
89.20 775.36 858.50 51.61 19.25 73.22 72.59
89.39 775.19 858.41 53.15 19.21 73.22 73.53
89.57 775.10 858.31 53.71 19.25 67.12 74.48
89.76 775.10 858.31 52.70 19.25 67.12 75.43
89.95 775.09 858.22 50.18 19.34 67.12 76.37
90.15 775.08 858.12 47.67 19.51 73.22 77.00
90.34 774.67 858.02 46.72 19.74 76.27 77.32
90.52 774.50 857.92 46.78 20.01 76.27 77.64
90.72 774.24 857.82 47.41 20.34 76.27 77.32
90.90 774.02 857.64 48.57 20.84 76.27 77.32
91.09 773.82 857.41 49.99 22.10 76.27 77.32
91.27 773.64 857.36 51.61 22.78 73.22 76.06
91.47 773.46 857.33 53.10 23.40 70.17 75.11
91.65 773.46 857.29 53.21 23.98 70.17 73.53
91.84 773.46 857.29 51.84 23.98 70.17 71.64
92.03 773.45 857.24 50.64 24.53 67.12 69.43
92.23 773.44 857.18 47.63 25.06 67.12 67.85
92.42 773.03 857.10 46.40 25.59 76.27 65.96
92.61 772.72 857.01 46.52 26.12 76.27 65.33
92.79 772.48 856.91 47.34 26.67 76.27 63.75
92.98 772.27 856.91 48.58 26.67 76.27 62.17
93.16 772.08 856.82 50.12 27.20 76.27 60.59
93.36 771.91 856.73 51.75 27.72 73.22 59.02
93.55 771.73 856.64 53.28 28.23 73.22 57.75
93.74 771.73 856.55 53.47 28.72 70.17 56.81
93.94 771.73 856.47 52.15 29.15 67.12 54.91
94.13 771.72 856.47 49.41 29.15 67.12 53.65
94.31 771.71 856.39 48.02 29.54 76.27 53.02
94.50 771.29 856.31 46.93 29.87 76.27 52.07
94.68 770.98 856.23 47.13 30.14 76.27 50.81
94.88 770.73 856.16 48.09 30.33 79.32 49.55
95.06 770.52 856.08 49.43 30.47 76.27 48.60
95.25 770.33 856.08 51.01 30.47 73.22 47.34
95.43 770.15 856.01 52.76 30.54 73.22 46.39
95.62 769.99 855.95 53.90 30.51 70.17 45.45
95.81 769.99 855.88 53.94 30.43 67.12 44.81
96.00 769.99 855.82 52.94 30.28 70.17 43.87
96.19 769.98 855.82 50.45 30.28 67.12 42.92
96.37 769.97 855.75 47.91 30.07 70.17 41.97
96.56 769.55 855.69 46.95 29.80 76.27 41.03
96.75 769.24 855.63 47.20 29.47 76.27 40.08
96.94 768.99 855.58 48.17 29.08 76.27 39.45
97.12 768.78 855.52 49.56 28.65 76.27 38.82
97.31 768.59 855.52 51.13 28.65 76.27 38.19
97.50 768.41 855.47 52.81 28.17 70.17 37.56
97.68 768.32 855.42 53.48 27.66 70.17 37.24
97.87 768.23 855.37 54.05 27.11 67.12 36.61
98.05 768.23 855.32 52.99 26.54 67.12 36.92
98.25 768.23 855.32 50.43 26.54 67.12 37.24
98.44 768.21 855.27 47.97 25.96 73.22 37.56
98.62 767.80 855.23 47.04 25.36 73.22 38.50
98.81 767.49 855.18 47.36 24.76 73.22 39.76
98.99 767.25 855.14 48.32 24.16 76.27 40.40
99.19 767.04 855.09 49.66 23.56 73.22 41.97
99.37 766.94 855.09 50.44 23.56 73.22 43.87
99.56 766.75 855.04 52.13 22.98 73.22 45.76
99.76 766.58 855.00 53.60 22.54 70.17 47.65
99.95 766.49 854.95 54.13 22.18 67.12 49.86
100.14 766.49 854.89 53.09 21.91 67.12 52.07
100.34 766.48 854.84 50.52 21.65 64.06 54.28
100.52 766.47 854.84 47.94 21.65 70.17 56.18
100.72 766.06 854.78 46.91 21.33 73.22 58.38
100.91 765.76 854.72 47.12 20.99 73.22 59.33
101.10 765.52 854.65 48.04 20.63 73.22 61.54
101.27 765.31 854.58 49.34 20.28 76.27 63.43
101.47 765.12 854.51 50.86 19.94 73.22 65.01
101.66 765.03 854.51 51.66 19.94 70.17 66.91
101.86 764.86 854.43 53.14 19.66 73.22 68.48
102.06 764.77 854.35 53.63 19.45 67.12 70.06
102.25 764.76 854.26 52.59 19.29 67.12 71.32
102.44 764.76 854.17 50.02 19.20 64.06 72.90
102.62 764.74 854.08 47.52 19.18 73.22 73.85
102.81 764.34 854.08 46.53 19.18 73.22 74.48
103.00 764.04 853.99 46.72 19.22 76.27 75.43
103.20 763.80 853.90 47.58 19.32 76.27 76.06
103.38 763.60 853.80 48.85 19.48 76.27 76.69
103.58 763.41 853.70 50.35 19.70 73.22 77.64
103.76 763.23 853.60 51.97 19.97 70.17 77.64
103.95 763.06 853.41 53.07 20.43 67.12 77.64
104.13 763.06 853.19 53.10 21.62 67.12 77.64
104.33 763.06 853.14 52.05 22.24 67.12 76.69
104.52 763.05 853.11 49.54 22.83 67.12 76.06
104.70 763.04 853.07 47.05 23.39 70.17 75.43
104.89 762.63 853.02 46.11 23.92 76.27 73.85
105.07 762.33 853.02 46.31 23.92 76.27 71.95
105.27 762.09 852.96 47.24 24.44 76.27 70.38
105.45 761.88 852.88 48.58 24.96 76.27 68.48
105.64 761.78 852.78 49.33 25.49 76.27 66.91
105.84 761.61 852.69 50.93 26.03 76.27 64.70
106.03 761.44 852.69 52.42 26.03 70.17 63.43
106.22 761.35 852.59 53.01 26.59 70.17 61.86
106.40 761.35 852.50 51.96 27.12 70.17 61.22
106.60 761.34 852.40 49.52 27.65 70.17 59.65
106.79 761.32 852.32 47.11 28.16 73.22 58.07
106.98 760.92 852.23 46.20 28.64 76.27 57.12
107.18 760.61 852.23 46.50 28.64 79.32 55.54
107.37 760.37 852.15 47.42 29.07 76.27 54.60
107.57 760.16 852.07 48.76 29.45 79.32 53.02
107.76 759.97 851.99 50.35 29.77 76.27 52.07
107.96 759.80 851.91 52.05 30.03 73.22 51.13
108.13 759.62 851.83 53.15 30.25 70.17 49.86
108.32 759.62 851.76 53.23 30.39 70.17 48.60
108.52 759.62 851.76 52.25 30.39 70.17 47.34
108.70 759.61 851.69 49.79 30.46 70.17 47.02
108.90 759.60 851.62 47.35 30.45 76.27 45.45
109.09 759.18 851.56 46.42 30.37 79.32 45.13
109.28 758.87 851.49 46.76 30.22 76.27 43.87
109.46 758.63 851.49 47.78 30.22 79.32 42.92
109.65 758.42 851.43 49.22 30.01 79.32 42.29
109.84 758.23 851.37 50.84 29.73 73.22 41.03
110.02 758.05 851.31 52.52 29.40 73.22 40.40
110.22 757.87 851.25 53.69 29.02 70.17 39.76
110.40 757.87 851.20 53.78 28.58 70.17 39.13
110.59 757.87 851.20 52.83 28.58 70.17 38.50
110.80 757.87 851.15 50.37 28.10 70.17 37.87
111.00 757.85 851.09 47.91 27.60 73.22 37.24
111.19 757.44 851.04 47.00 27.08 76.27 37.24
111.37 757.13 850.99 47.27 26.54 76.27 36.92
111.56 756.89 850.94 48.21 25.98 76.27 37.24
111.74 756.68 850.94 49.55 25.98 76.27 37.87
111.94 756.48 850.90 51.13 25.38 76.27 38.50
112.15 756.30 850.85 52.82 24.80 70.17 40.08
112.34 756.12 850.81 54.00 24.21 70.17 41.03
112.53 756.12 850.76 53.76 23.63 67.12 42.60
112.71 756.12 850.72 52.00 23.19 67.12 43.87
112.91 756.11 850.67 49.28 22.82 70.17 45.45
113.11 755.88 850.67 47.36 22.82 76.27 47.65
113.30 755.53 850.62 47.11 22.53 73.22 49.86
113.49 755.26 850.57 47.77 22.24 76.27 52.07
113.67 755.14 850.51 48.30 21.91 76.27 53.97
113.86 754.93 850.46 49.64 21.53 76.27 55.86
114.05 754.74 850.46 51.14 21.53 76.27 58.07
114.24 754.56 850.39 52.80 21.13 70.17 59.96
114.43 754.38 850.33 53.98 20.71 70.17 61.86
114.62 754.38 850.26 53.76 20.33 67.12 63.75
114.82 754.38 850.19 51.96 19.98 67.12 65.33
115.01 754.37 850.11 49.22 19.69 67.12 66.91
115.21 754.14 850.03 47.34 19.47 70.17 68.17
115.39 753.79 850.03 47.00 19.47 73.22 69.43
115.58 753.52 849.95 47.59 19.29 73.22 70.69
115.76 753.40 849.86 48.09 19.19 76.27 71.95
115.95 753.20 849.77 49.35 19.15 73.22 73.22
116.15 753.01 849.68 50.86 19.17 73.22 74.48
116.33 752.83 849.68 52.51 19.17 73.22 75.43
116.54 752.66 849.58 53.64 19.26 67.12 76.06
116.72 752.66 849.49 53.37 19.39 67.12 76.69
116.91 752.65 849.39 51.57 19.59 67.12 77.00
117.11 752.64 849.29 48.78 19.85 67.12 77.64
117.30 752.41 849.19 46.84 20.17 73.22 77.64
117.49 752.07 849.09 46.55 20.55 73.22 77.64
117.67 751.80 848.90 47.15 21.10 76.27 77.32
117.86 751.57 848.68 48.29 22.41 73.22 76.69
118.05 751.47 848.63 48.98 23.11 76.27 75.74
118.24 751.28 848.60 50.51 23.75 73.22 74.48
118.43 751.10 848.56 52.20 24.36 73.22 72.59
118.62 750.93 848.51 53.33 24.93 70.17 71.01
118.82 750.93 848.51 53.09 24.93 70.17 68.80
119.01 750.93 848.45 51.32 25.48 70.17 68.17
119.19 750.92 848.37 48.61 26.00 67.12 66.27
119.39 750.69 848.28 46.74 26.53 73.22 64.70
119.58 750.34 848.18 46.51 27.08 76.27 63.43
119.76 750.08 848.18 47.15 27.08 76.27 61.54
119.95 749.86 848.09 48.27 27.61 76.27 60.28
120.14 749.76 848.00 48.95 28.13 76.27 59.02
120.33 749.57 847.91 50.48 28.63 76.27 57.44
120.51 749.39 847.83 52.15 29.07 73.22 57.12
120.70 749.22 847.74 53.25 29.49 70.17 55.54
120.89 749.22 847.74 52.96 29.49 70.17 54.60
121.08 749.21 847.66 51.15 29.85 67.12 53.33
121.26 749.20 847.58 48.41 30.16 70.17 52.07
121.46 748.97 847.51 46.52 30.38 76.27 51.13
121.64 748.62 847.43 46.28 30.55 73.22 49.86
121.83 748.35 847.36 46.98 30.64 79.32 48.92
122.01 748.24 847.36 47.51 30.64 76.27 47.97
122.20 748.03 847.29 48.86 30.67 76.27 47.02
122.38 747.84 847.22 50.44 30.63 76.27 46.08
122.58 747.66 847.15 52.16 30.53 73.22 45.13
122.76 747.48 847.09 53.34 30.35 70.17 44.18
122.96 747.48 847.09 53.12 30.35 70.17 43.24
123.15 747.48 847.02 51.41 30.12 70.17 42.29
