10.01 828.19 947.88 40.71 25.44 140.33 137.28
10.20 828.19 947.88 41.61 25.44 216.60 350.83
10.39 828.18 947.78 41.52 25.44 225.75 369.14
10.58 828.18 947.68 40.35 25.45 231.85 384.39
10.77 827.99 947.58 38.50 25.45 241.01 396.59
10.96 827.71 947.48 37.31 25.47 250.16 405.74
11.17 827.49 947.12 37.34 25.89 265.41 414.90
11.38 827.30 946.92 38.05 26.52 277.61 433.20
11.57 827.11 946.92 39.26 26.52 286.77 442.35
11.76 826.94 946.88 40.74 26.77 289.82 448.45
11.95 826.86 946.81 42.21 26.99 292.87 460.66
12.14 826.86 946.74 42.99 27.16 298.97 463.71
12.34 826.85 946.63 42.64 27.34 308.12 472.86
12.53 826.83 946.16 41.18 28.24 320.32 488.11
12.71 826.39 945.97 40.12 28.85 332.53 494.21
12.90 826.05 945.88 40.52 29.47 344.73 500.32
13.12 825.78 945.82 42.00 30.04 350.83 509.47
13.32 825.53 945.75 44.14 30.57 359.98 515.57
13.53 825.29 945.66 46.74 31.05 363.03 521.67
13.71 825.06 945.54 49.67 31.53 369.14 530.82
13.90 824.83 944.98 52.73 33.18 369.14 536.92
14.09 824.83 944.67 53.93 35.25 369.14 539.98
14.28 824.83 944.56 55.16 36.30 375.24 543.03
14.48 824.82 944.35 54.92 38.46 375.24 543.03
14.68 824.80 944.13 53.25 40.72 378.29 546.08
14.87 823.43 944.02 55.00 41.90 384.39 543.03
15.06 823.34 943.80 58.72 44.27 387.44 549.13
15.25 823.18 943.57 62.13 46.63 387.44 546.08
15.44 822.98 943.46 65.35 47.80 381.34 546.08
15.64 822.76 943.23 68.46 50.12 381.34 546.08
15.83 822.52 943.00 71.50 52.24 378.29 539.98
16.03 822.39 942.88 73.57 53.18 375.24 536.92
16.24 822.38 942.66 73.61 54.70 372.19 539.98
16.44 822.37 942.42 71.72 55.67 375.24 536.92
16.64 822.35 942.19 68.53 57.14 375.24 536.92
16.85 820.80 941.96 69.53 59.03 378.29 533.87
17.05 820.71 941.85 72.63 59.69 381.34 527.77
17.26 820.54 941.61 75.25 60.18 375.24 527.77
17.46 820.32 941.38 77.64 60.23 372.19 527.77
17.66 820.09 941.14 79.84 61.15 369.14 527.77
17.87 819.83 940.91 81.90 61.96 363.03 527.77
18.07 819.70 940.79 83.05 61.86 356.93 524.72
18.28 819.69 940.56 80.97 60.73 353.88 524.72
18.48 819.68 940.32 76.64 60.38 350.83 524.72
18.68 819.29 940.08 71.72 60.73 356.93 527.77
18.88 818.02 939.85 76.53 60.96 363.03 527.77
19.08 817.89 939.74 79.90 61.03 353.88 527.77
19.26 817.69 939.50 82.40 61.19 350.83 530.82
19.45 817.58 939.38 83.47 61.28 344.73 527.77
19.65 817.34 939.14 85.32 61.44 341.68 527.77
19.85 817.09 938.91 86.91 61.46 335.58 527.77
20.04 816.96 938.67 87.75 61.57 329.48 527.77
20.25 816.95 938.56 86.17 61.64 323.38 530.82
20.45 816.94 938.32 82.25 61.78 323.38 530.82
20.67 816.56 938.09 73.63 61.81 323.38 530.82
20.87 815.31 937.85 78.08 61.84 335.58 530.82
21.06 815.18 937.61 81.05 61.96 326.43 533.87
21.25 815.00 937.49 83.21 62.02 323.38 533.87
21.46 814.77 937.25 84.85 62.01 317.27 533.87
21.65 814.53 937.02 86.23 62.04 317.27 536.92
21.86 814.28 936.78 87.46 62.14 311.17 539.98
22.06 814.28 936.66 86.77 62.15 305.07 543.03
22.26 814.28 936.42 83.63 62.20 302.02 543.03
22.47 814.26 936.18 78.15 62.25 305.07 546.08
22.67 813.90 935.94 72.07 62.33 311.17 549.13
22.88 812.70 935.82 76.26 62.39 320.32 549.13
23.08 812.57 935.58 79.03 62.40 311.17 552.18
23.29 812.39 935.34 80.95 62.50 308.12 552.18
23.49 812.18 935.10 82.42 62.65 308.12 555.23
23.70 811.95 934.98 83.68 62.68 302.02 558.28
23.89 811.70 934.74 84.76 62.70 302.02 561.33
24.10 811.70 934.50 84.02 62.80 295.92 561.33
24.30 811.70 934.25 80.92 62.88 295.92 564.38
24.51 811.68 934.01 75.55 62.96 295.92 567.43
24.71 811.33 933.89 69.56 62.99 305.07 567.43
24.91 810.16 933.64 73.67 63.13 317.27 570.48
25.12 809.95 933.40 77.42 63.31 308.12 573.53
25.32 809.76 933.15 79.08 63.41 305.07 573.53
25.53 809.53 932.90 80.44 63.50 305.07 576.58
25.73 809.30 932.78 81.62 63.58 302.02 579.63
25.92 809.19 932.55 82.17 63.73 298.97 582.69
26.14 809.18 932.30 80.36 63.82 298.97 582.69
26.34 809.17 932.05 76.34 63.89 298.97 585.74
26.54 809.15 931.81 70.12 64.02 302.02 588.79
26.75 807.71 931.68 69.98 64.08 317.27 588.79
26.94 807.62 931.43 73.26 64.18 314.22 591.84
27.15 807.48 931.19 75.57 64.33 311.17 594.89
27.35 807.28 930.94 77.30 64.44 311.17 594.89
27.56 807.06 930.81 78.62 64.52 308.12 597.94
27.75 806.83 930.56 79.86 64.62 311.17 600.99
27.93 806.71 930.31 80.44 64.75 308.12 604.04
28.14 806.71 930.05 78.73 64.95 305.07 607.09
28.35 806.70 929.91 74.82 65.01 308.12 607.09
28.55 806.68 929.66 68.80 65.13 311.17 610.14
28.75 805.26 929.39 68.69 65.33 323.38 610.14
28.96 805.18 929.13 71.94 65.60 323.38 613.19
29.16 805.02 928.99 74.25 65.76 323.38 616.24
29.36 804.82 928.73 76.00 66.04 323.38 616.24
29.57 804.61 928.47 77.42 66.37 320.32 619.29
29.77 804.38 928.21 78.72 66.76 317.27 619.29
29.97 804.26 927.95 79.33 67.04 317.27 622.34
30.18 804.26 927.81 77.67 67.20 317.27 625.40
30.38 804.25 927.54 73.91 67.60 320.32 625.40
30.58 803.90 927.27 65.85 67.99 326.43 625.40
30.79 802.77 927.00 69.93 68.29 344.73 628.45
30.99 802.64 926.88 72.77 68.42 335.58 628.45
31.19 802.46 926.61 74.86 68.71 335.58 628.45
31.39 802.24 926.34 76.59 68.96 335.58 631.50
31.60 802.01 926.07 78.12 69.34 332.53 631.50
31.80 801.77 925.93 79.49 69.50 329.48 634.55
32.01 801.77 925.66 79.22 69.67 326.43 634.55
32.21 801.76 925.40 76.73 69.88 329.48 634.55
32.42 801.75 925.12 72.08 70.06 332.53 634.55
32.61 801.40 924.85 66.86 70.21 341.68 634.55
32.79 800.23 924.71 71.15 70.31 350.83 637.60
33.00 800.11 924.46 74.06 70.44 344.73 637.60
33.18 799.92 924.18 76.33 70.52 341.68 637.60
33.37 799.70 924.04 78.19 70.57 341.68 640.65
33.56 799.59 923.78 79.00 70.67 338.63 640.65
33.75 799.34 923.49 80.56 70.80 338.63 643.70
33.95 799.22 923.36 81.44 70.86 338.63 643.70
34.14 799.22 923.09 79.97 71.03 332.53 646.75
34.32 799.21 922.81 76.32 71.15 335.58 646.75
34.51 799.19 922.68 70.54 71.17 341.68 646.75
34.72 797.69 922.41 70.73 71.21 353.88 646.75
34.92 797.60 922.13 74.32 71.29 353.88 649.80
35.13 797.43 921.86 76.91 71.40 350.83 649.80
35.33 797.23 921.73 78.89 71.42 350.83 649.80
35.53 796.99 921.45 80.62 71.51 347.78 649.80
35.74 796.75 921.17 82.13 71.58 341.68 655.90
35.94 796.63 920.90 82.94 71.62 338.63 655.90
36.14 796.62 920.63 81.50 71.72 338.63 655.90
36.35 796.61 920.49 77.81 71.81 338.63 655.90
36.55 796.24 920.21 69.66 71.84 344.73 655.90
36.75 795.03 919.93 74.08 71.88 359.98 658.95
36.96 794.90 919.66 77.08 71.99 350.83 658.95
37.16 794.71 919.52 79.36 72.04 347.78 662.00
37.36 794.49 919.24 81.14 72.11 347.78 662.00
37.57 794.25 918.96 82.69 72.17 341.68 662.00
37.77 794.00 918.69 84.18 72.29 341.68 665.05
37.97 794.00 918.41 83.81 72.37 338.63 665.05
38.18 793.99 918.27 81.02 72.38 338.63 665.05
38.38 793.98 917.99 76.07 72.43 338.63 668.11
38.59 793.61 917.72 70.45 72.56 347.78 668.11
38.78 792.40 917.44 74.82 72.67 356.93 671.16
38.99 792.27 917.30 77.83 72.68 350.83 668.11
39.19 792.08 917.02 80.01 72.72 347.78 671.16
39.40 791.86 916.74 81.81 72.82 347.78 671.16
39.60 791.62 916.46 83.36 72.92 341.68 674.21
39.79 791.37 916.32 84.75 72.95 341.68 674.21
39.99 791.37 916.04 84.25 72.98 335.58 674.21
40.20 791.36 915.76 81.45 73.11 335.58 674.21
40.40 791.34 915.48 76.38 73.13 338.63 677.26
40.60 790.98 915.20 70.70 73.20 344.73 677.26
40.80 789.77 915.06 75.10 73.25 353.88 680.31
41.01 789.63 914.78 78.12 73.38 347.78 680.31
41.21 789.45 914.50 80.33 73.38 347.78 680.31
41.41 789.10 914.22 82.85 73.45 341.68 680.31
41.62 788.85 914.08 84.26 73.51 338.63 683.36
41.82 788.72 913.80 85.08 73.58 335.58 683.36
42.03 788.72 913.51 83.43 73.61 335.58 683.36
42.22 788.71 913.23 79.48 73.71 335.58 683.36
42.43 788.69 912.95 73.30 73.82 338.63 686.41
42.63 787.15 912.81 73.41 73.84 350.83 686.41
42.84 787.07 912.53 76.94 73.86 350.83 689.46
43.03 786.90 912.24 79.48 73.96 347.78 689.46
43.21 786.69 911.96 81.47 74.08 341.68 689.46
43.40 786.45 911.82 83.07 74.11 341.68 689.46
43.59 786.33 911.53 83.84 74.10 338.63 689.46
43.80 786.09 911.25 85.17 74.17 335.58 692.51
44.00 786.08 911.11 83.52 74.23 335.58 692.51
44.21 786.07 910.82 79.52 74.42 332.53 692.51
44.41 786.05 910.54 73.33 74.40 338.63 692.51
44.61 784.51 910.25 73.41 74.45 350.83 692.51
44.82 784.42 909.97 76.97 74.55 350.83 695.56
45.02 784.26 909.82 79.51 74.53 344.73 695.56
45.22 784.05 909.54 81.42 74.56 344.73 695.56
45.43 783.82 909.25 83.02 74.67 341.68 695.56
45.63 783.57 908.97 84.46 74.79 338.63 698.61
45.83 783.44 908.83 85.25 74.75 335.58 695.56
46.04 783.44 908.54 83.55 74.77 335.58 695.56
46.24 783.43 908.25 79.60 74.84 332.53 698.61
46.44 783.41 907.97 73.39 74.91 335.58 698.61
46.65 781.86 907.83 73.51 74.89 350.83 698.61
46.85 781.77 907.54 77.10 74.94 350.83 701.66
47.05 781.60 907.25 79.71 75.00 341.68 701.66
47.26 781.40 906.97 81.68 74.97 344.73 701.66
47.46 781.16 906.68 83.34 74.98 341.68 701.66
47.66 780.92 906.54 84.83 75.02 338.63 701.66
47.86 780.79 906.24 85.54 75.15 332.53 704.71
48.07 780.78 905.96 82.14 75.14 332.53 704.71
48.27 780.77 905.67 76.96 75.17 332.53 704.71
48.48 780.40 905.38 71.25 75.26 344.73 707.76
48.68 779.18 905.24 75.65 75.32 350.83 707.76
48.88 779.05 904.95 78.60 75.36 344.73 707.76
49.09 778.86 904.67 80.80 75.39 341.68 707.76
49.29 778.64 904.38 82.55 75.51 338.63 707.76
49.50 778.39 904.23 84.02 75.56 338.63 707.76
49.70 778.14 903.94 85.39 75.55 332.53 710.81
49.89 778.14 903.65 84.92 75.59 329.48 710.81
50.08 778.14 903.36 82.00 75.73 332.53 710.81
50.29 778.12 903.22 76.88 75.82 332.53 710.81
50.49 777.76 902.93 71.07 75.83 341.68 710.81
50.69 776.54 902.64 75.43 75.83 350.83 713.87
50.89 776.40 902.35 78.41 75.97 347.78 710.81
51.10 776.21 902.21 80.63 75.97 338.63 713.87
51.30 775.99 901.91 82.42 75.95 338.63 713.87
51.51 775.75 901.62 83.96 75.98 338.63 713.87
51.71 775.50 901.34 85.34 76.07 335.58 713.87
51.92 775.49 901.04 84.90 76.10 332.53 713.87
52.12 775.49 900.90 82.04 76.09 329.48 713.87
52.32 775.47 900.61 76.88 76.12 332.53 713.87
52.53 775.11 900.32 71.10 76.20 341.68 716.92
52.73 773.89 900.03 75.51 76.21 350.83 716.92
52.93 773.66 899.88 79.72 76.20 341.68 716.92
53.12 773.56 899.59 80.72 76.27 338.63 719.97
53.31 773.34 899.30 82.52 76.30 338.63 719.97
53.52 773.11 899.01 83.96 76.30 335.58 719.97
53.72 772.85 898.86 85.34 76.33 335.58 719.97
53.91 772.85 898.57 84.88 76.39 329.48 719.97
54.11 772.84 898.29 81.99 76.38 329.48 719.97
54.32 772.83 897.99 76.85 76.35 332.53 723.02
54.52 771.26 897.84 73.53 76.38 338.63 723.02
54.73 771.17 897.56 77.11 76.47 344.73 723.02
54.93 771.01 897.26 79.67 76.52 341.68 723.02
55.13 770.81 896.96 81.64 76.50 338.63 723.02
55.33 770.57 896.82 83.27 76.51 335.58 723.02
55.53 770.33 896.53 84.68 76.61 332.53 726.07
55.73 770.20 896.24 85.45 76.64 329.48 723.02
55.92 770.20 895.94 83.76 76.62 329.48 726.07
56.13 770.19 895.80 79.74 76.64 329.48 723.02
56.33 770.17 895.51 73.46 76.70 335.58 726.07
56.53 768.64 895.21 73.44 76.76 347.78 726.07
56.73 768.55 894.93 76.96 76.72 344.73 726.07
56.93 768.38 894.78 79.52 76.75 341.68 726.07
57.13 768.17 894.49 81.45 76.83 338.63 729.12
57.34 767.94 894.20 83.04 76.81 335.58 729.12
57.54 767.69 893.90 84.42 76.85 332.53 726.07
57.74 767.57 893.61 85.12 76.90 332.53 729.12
57.94 767.56 893.46 83.36 76.91 329.48 729.12
58.14 767.55 893.17 79.38 76.92 329.48 729.12
58.35 767.53 892.87 73.12 76.94 335.58 732.17
58.55 766.01 892.58 73.17 76.99 344.73 729.12
58.75 765.92 892.44 76.74 76.92 347.78 732.17
58.94 765.75 892.14 79.27 76.86 341.68 732.17
59.14 765.54 891.85 81.19 76.91 338.63 732.17
59.32 765.31 891.71 82.82 76.91 335.58 732.17
59.51 765.06 891.41 84.27 76.90 332.53 732.17
59.70 764.94 891.12 85.00 76.91 332.53 732.17
59.90 764.93 890.97 83.35 76.94 329.48 732.17
60.09 764.92 890.68 79.35 76.98 329.48 732.17
60.30 764.90 890.38 73.13 77.00 335.58 735.22
60.50 763.37 890.09 73.16 77.03 347.78 735.22
60.71 763.28 889.94 76.69 77.07 347.78 735.22
60.90 763.11 889.65 79.25 77.11 341.68 735.22
61.11 762.91 889.36 81.21 77.11 341.68 735.22
61.31 762.67 889.06 82.84 77.18 338.63 735.22
61.50 762.43 888.91 84.21 77.21 335.58 735.22
61.70 762.30 888.62 84.92 77.23 329.48 738.27
61.91 762.30 888.32 83.25 77.21 332.53 738.27
62.12 762.29 888.03 79.31 77.29 329.48 738.27
62.32 762.27 887.73 73.12 77.37 335.58 738.27
62.52 760.73 887.59 73.17 77.34 347.78 738.27
62.72 760.65 887.29 76.71 77.38 347.78 738.27
62.93 760.47 887.00 79.27 77.45 341.68 738.27
63.13 760.26 886.70 81.24 77.52 341.68 738.27
63.34 760.03 886.55 82.87 77.48 338.63 741.32
63.54 759.79 886.25 84.38 77.48 335.58 738.27
63.74 759.66 885.96 85.12 77.58 335.58 738.27
63.94 759.66 885.67 83.48 77.50 332.53 741.32
64.15 759.65 885.37 79.46 77.53 332.53 741.32
64.35 759.62 885.22 73.26 77.57 335.58 741.32
64.55 758.09 884.93 73.32 77.59 347.78 741.32
64.75 757.92 884.63 78.31 77.57 350.83 741.32
64.96 757.74 884.34 80.50 77.60 338.63 741.32
65.16 757.51 884.19 82.27 77.61 338.63 744.37
65.36 757.27 883.89 83.77 77.68 335.58 744.37
65.56 757.02 883.60 85.14 77.68 335.58 744.37
65.77 757.02 883.31 84.60 77.69 332.53 744.37
65.98 757.01 883.01 81.80 77.72 329.48 744.37
66.18 757.00 882.86 76.64 77.71 332.53 744.37
66.38 756.63 882.56 70.90 77.67 341.68 744.37
66.58 755.42 882.27 75.28 77.67 350.83 744.37
66.79 755.29 881.97 78.22 77.74 344.73 744.37
66.99 755.09 881.83 80.44 77.74 341.68 747.42
67.20 754.87 881.53 82.23 77.65 338.63 747.42
67.39 754.63 881.23 83.74 77.68 335.58 747.42
