9.99 491.76 890.31 67.26 13.32 140.33 140.33
10.19 491.66 890.26 67.80 13.33 390.49 1003.68
10.40 491.66 890.21 66.43 13.33 402.69 1012.84
10.60 491.65 890.16 63.21 13.32 421.00 1021.99
10.81 491.63 890.10 58.26 13.33 439.30 1025.04
11.02 490.37 890.04 58.38 13.35 466.76 1034.19
11.21 490.29 889.97 61.38 13.39 472.86 1043.34
11.42 490.04 889.90 64.62 13.44 482.01 1046.39
11.62 489.82 889.90 66.41 13.44 491.16 1052.49
11.82 489.57 889.81 68.22 13.53 500.32 1055.54
12.03 489.31 889.71 70.17 13.66 506.42 1064.70
12.23 489.30 889.40 70.61 14.17 527.77 1067.75
12.43 489.30 889.26 69.03 14.58 543.03 1073.85
12.63 489.28 889.07 65.54 15.56 558.28 1073.85
12.84 488.87 889.03 61.69 16.02 594.89 1076.90
13.04 487.47 888.99 67.84 16.46 619.29 1083.00
13.24 487.30 888.99 72.71 16.46 613.19 1086.05
13.44 487.05 888.92 77.01 16.89 619.29 1089.10
13.65 486.75 888.84 81.06 17.32 625.40 1092.15
13.85 486.44 888.47 84.89 18.45 628.45 1095.20
14.05 486.09 888.17 88.67 20.05 634.55 1098.25
14.26 486.09 888.10 90.59 20.89 637.60 1101.31
14.47 486.08 888.05 89.99 21.70 643.70 1101.31
14.67 486.06 888.00 86.93 22.46 655.90 1107.41
14.87 485.54 887.93 83.36 23.19 671.16 1104.36
15.07 483.77 887.84 91.23 23.91 686.41 1107.41
15.28 483.56 887.84 97.32 23.91 677.26 1107.41
15.48 483.26 887.45 102.48 25.58 680.31 1110.46
15.69 482.91 887.12 107.00 27.71 680.31 1110.46
15.89 482.32 887.05 113.21 28.78 680.31 1113.51
16.08 482.12 887.00 115.24 29.77 677.26 1113.51
16.28 481.70 886.94 118.14 30.67 683.36 1116.56
16.48 481.05 886.88 119.46 31.47 683.36 1116.56
16.69 480.60 886.78 118.23 32.20 686.41 1119.61
16.89 480.15 886.66 120.17 32.88 692.51 1119.61
17.08 479.70 886.38 124.21 33.75 692.51 1119.61
17.26 479.47 886.05 125.96 35.61 689.46 1122.66
17.47 479.01 885.97 129.23 36.49 692.51 1122.66
17.67 478.54 885.92 132.25 37.17 689.46 1125.71
17.87 478.07 885.87 135.04 37.64 686.41 1122.66
18.07 477.35 885.79 138.56 37.94 680.31 1125.71
18.28 476.87 885.70 138.82 38.07 677.26 1125.71
18.48 476.39 885.70 137.20 38.07 680.31 1125.71
18.68 475.90 885.29 133.50 38.29 683.36 1125.71
18.89 475.41 884.96 133.71 38.81 689.46 1128.76
19.08 474.16 884.88 138.25 39.02 689.46 1128.76
19.26 473.99 884.83 142.44 39.27 680.31 1128.76
19.45 473.84 884.77 143.92 39.50 674.21 1128.76
19.64 473.48 884.70 146.11 39.71 677.26 1128.76
19.83 473.06 884.70 147.40 39.71 668.11 1131.81
20.04 472.59 884.60 148.47 39.85 668.11 1128.76
20.25 472.11 884.20 149.20 39.95 665.05 1131.81
20.44 470.87 883.86 151.39 40.21 662.00 1134.86
20.63 470.34 883.78 154.97 40.28 649.80 1131.81
20.82 469.84 883.74 158.12 40.42 637.60 1131.81
21.02 469.32 883.68 160.86 40.55 631.50 1134.86
21.20 468.79 883.68 163.19 40.55 622.34 1134.86
21.39 468.26 883.61 165.17 40.67 613.19 1134.86
21.58 467.74 883.51 166.84 40.71 604.04 1137.91
21.77 467.23 883.38 167.94 40.62 594.89 1134.86
21.97 466.70 882.93 168.62 40.72 588.79 1137.91
22.18 466.18 882.69 168.97 40.77 582.69 1134.86
22.38 465.67 882.69 168.88 40.77 573.53 1137.91
22.58 465.14 882.65 168.39 40.83 570.48 1137.91
22.78 464.63 882.59 167.49 40.91 564.38 1137.91
22.99 464.10 882.51 166.15 40.99 561.33 1137.91
23.19 463.59 882.42 167.53 41.00 558.28 1137.91
23.39 463.06 882.29 167.42 40.87 539.98 1137.91
23.60 462.73 881.83 166.01 40.91 536.92 1140.96
23.81 462.47 881.59 162.49 40.90 533.87 1140.96
24.01 462.10 881.55 157.92 40.95 539.98 1137.91
24.21 461.68 881.49 152.55 41.02 543.03 1137.91
24.42 461.22 881.49 148.51 41.02 549.13 1140.96
24.63 460.73 881.42 146.36 41.08 549.13 1137.91
24.84 459.22 881.32 146.65 41.09 549.13 1137.91
25.05 458.90 880.92 147.56 40.93 549.13 1140.96
25.23 458.65 880.74 147.28 40.94 546.08 1137.91
25.43 458.29 880.51 146.47 40.90 539.98 1137.91
25.63 457.87 880.46 145.40 40.95 546.08 1140.96
25.83 457.40 880.40 144.41 41.00 546.08 1137.91
26.02 456.92 880.40 143.64 41.00 546.08 1137.91
26.20 456.68 880.33 143.35 41.06 549.13 1140.96
26.39 456.19 880.23 142.98 41.08 543.03 1137.91
26.58 455.70 880.11 142.87 40.92 549.13 1140.96
26.78 454.64 879.66 145.94 40.90 549.13 1137.91
26.99 454.39 879.42 147.74 40.83 536.92 1140.96
27.19 454.02 879.38 149.14 40.86 539.98 1140.96
27.40 453.60 879.38 150.38 40.86 533.87 1140.96
27.60 453.14 879.32 151.34 40.90 530.82 1140.96
27.80 452.43 879.25 150.62 40.97 530.82 1140.96
28.01 451.94 879.15 149.44 40.98 533.87 1140.96
28.21 450.89 879.03 150.69 40.79 530.82 1140.96
28.41 450.64 878.57 150.22 40.77 527.77 1140.96
28.61 450.29 878.33 148.84 40.70 530.82 1140.96
28.82 449.87 878.29 150.58 40.75 530.82 1140.96
29.02 449.41 878.23 151.87 40.80 533.87 1140.96
29.23 448.94 878.23 151.98 40.80 527.77 1140.96
29.44 448.46 878.16 151.42 40.87 530.82 1140.96
29.64 447.98 878.07 150.35 40.86 527.77 1140.96
29.85 447.49 877.67 149.12 40.63 524.72 1140.96
30.05 446.25 877.34 149.53 40.60 530.82 1140.96
30.26 445.95 877.26 150.72 40.55 527.77 1140.96
30.47 445.70 877.22 150.34 40.58 527.77 1140.96
30.66 445.35 877.16 150.93 40.63 527.77 1140.96
30.85 444.93 877.09 151.75 40.68 524.72 1140.96
31.05 444.48 877.09 151.36 40.68 524.72 1144.02
31.25 444.02 876.99 150.56 40.68 521.67 1140.96
31.46 443.54 876.60 149.32 40.47 524.72 1140.96
31.66 443.06 876.26 147.89 40.46 527.77 1140.96
31.87 442.57 876.19 146.41 40.39 524.72 1144.02
32.07 442.09 876.14 144.82 40.43 524.72 1140.96
32.27 441.60 876.09 146.29 40.46 530.82 1140.96
32.48 440.87 876.02 146.68 40.51 527.77 1140.96
32.68 440.38 876.02 146.27 40.51 521.67 1140.96
32.89 439.89 875.92 145.60 40.50 527.77 1140.96
33.09 439.40 875.52 144.84 40.32 524.72 1144.02
33.29 438.91 875.19 144.00 40.33 527.77 1140.96
33.49 438.43 875.11 143.13 40.28 527.77 1140.96
33.69 437.94 875.07 142.29 40.31 533.87 1140.96
33.90 437.46 875.01 141.32 40.36 539.98 1140.96
34.10 436.98 874.94 143.93 40.42 539.98 1140.96
34.31 436.48 874.84 145.67 40.44 530.82 1140.96
34.51 435.45 874.72 149.39 40.28 533.87 1140.96
34.71 435.20 874.45 151.15 40.25 527.77 1140.96
34.92 434.85 874.11 151.79 40.25 524.72 1140.96
35.12 434.44 874.04 151.91 40.18 524.72 1140.96
35.31 434.00 873.99 151.52 40.23 524.72 1144.02
35.50 433.53 873.94 151.09 40.28 530.82 1140.96
35.69 433.06 873.87 150.54 40.32 521.67 1140.96
35.88 432.58 873.77 149.92 40.35 527.77 1140.96
36.08 432.10 873.77 149.20 40.35 530.82 1144.02
36.29 431.62 873.38 148.44 40.18 527.77 1140.96
36.49 431.13 873.05 147.76 40.18 530.82 1140.96
36.69 430.65 872.97 147.05 40.12 524.72 1140.96
36.90 430.16 872.93 146.36 40.16 536.92 1144.02
37.10 429.68 872.87 145.70 40.20 533.87 1140.96
37.31 429.20 872.80 144.99 40.27 536.92 1140.96
37.50 428.71 872.70 144.33 40.28 533.87 1140.96
37.71 428.23 872.70 143.70 40.28 533.87 1140.96
37.92 427.74 872.31 143.03 40.10 539.98 1140.96
38.11 427.26 871.98 142.32 40.11 536.92 1137.91
38.32 426.78 871.90 141.59 40.06 546.08 1140.96
38.52 426.29 871.86 143.94 40.09 546.08 1140.96
38.73 425.81 871.80 145.36 40.14 549.13 1140.96
38.93 424.34 871.73 147.99 40.21 543.03 1140.96
39.13 424.03 871.63 150.90 40.21 539.98 1140.96
39.34 423.79 871.51 152.14 40.06 533.87 1140.96
39.54 423.44 871.24 152.47 40.04 533.87 1140.96
39.74 423.03 870.91 152.36 40.02 533.87 1140.96
39.95 422.58 870.83 151.95 39.97 530.82 1140.96
40.15 422.12 870.79 151.34 40.01 533.87 1140.96
40.35 421.65 870.73 150.65 40.07 536.92 1140.96
40.56 421.17 870.66 149.84 40.15 533.87 1140.96
